cpu  1770348 3720 67046 272577719 2291 0 12536 0 0 0
cpu0 129919 141 4593 17014229 42 0 6686 0 0 0
cpu1 121967 0 4039 17023693 1373 0 2065 0 0 0
cpu2 118145 0 4042 17029160 107 0 780 0 0 0
cpu3 116652 0 4615 17028888 90 0 693 0 0 0
cpu4 113288 520 4230 17032897 63 0 241 0 0 0
cpu5 110529 279 3944 17036341 58 0 263 0 0 0
cpu6 108319 339 4070 17039163 65 0 58 0 0 0
cpu7 109908 0 4281 17036900 50 0 257 0 0 0
cpu8 106533 0 4309 17040292 81 0 378 0 0 0
cpu9 109268 666 3650 17038279 49 0 262 0 0 0
cpu10 106975 811 4353 17039309 38 0 239 0 0 0
cpu11 105000 0 4042 17043080 26 0 18 0 0 0
cpu12 104926 334 4314 17041036 129 0 210 0 0 0
cpu13 102859 0 4021 17044432 40 0 8 0 0 0
cpu14 102661 625 4119 17044949 37 0 340 0 0 0
cpu15 103392 1 4418 17045063 36 0 32 0 0 0
intr 37866690 33 0 0 0 0 0 0 0 1 1 0 0 0 0 0 0 0 0 50 0 0 0 0 0 0 0 0 0 0 0 0 2 2 2 2 38 367489 1 806977 685044 681026 960114 658952 586306 920379 599667 0 0 0 0 0 0 0 0 0 9 0 0 9 0 0 16 37 2 3 0 12 0 20 16 0 0 0 0 0 0 0 0 0 0 0 0 0 0 0 0 0 0 0 0 0 0 0 0 0 0 0 0 0 0 0 0 0 0 0 119 0 0 0 0 0 0 0 0 0 0 0 0 0 0 0 0 0 0 0 0 0 0 0 0 0 0 0 0 0 0 0 0 0 0 0 0 0 0 0 0 0 0 0 0 0 0 0 0 0 0 0 0 0 0 0 0 0 0 0 0 0 0 0 0 0 0 0 0 0 0 0 0 0 0 0 0 0 0 0 0 0 0 0 0 0 0 0 0 0 0 0 0 0 0 0 0 0 0 0 0 0 0 0 0 0 0 0 0 0 0 0 0 0 0 0 0 0 0 0 0 0 0 0 0 0 0 0 0 0 0 0 0 0 0 0 0 0 0 0 0 0 0 0 0 0 0 0 0 0 0 0 0 0 0 0 0 0 0 0 0 0 0 0 0 0 0 0 0 0 0 0 0 0 0 0 0 0 0 0 0 0 0 0 0 0 0 0 0 0 0 0 0 0 0 0 0 0 0 0 0 0 0 0 0 0 0 0 0 0 0 0 0 0 0 0 0 0 0 0 0 0 0 0 0 0 0 0 0 0 0 0 0 0 0 0 0 0 0 0 0 0 0 0 0 0 0 0 0 0 0 0 0 0 0 0 0 0 0 0 0 0 0 0 0 0 0 0 0 0 0 0 0 0 0 0 0 0 0 0 0 0 0 0 0 0 0 0 0 0 0 0 0 0 0 0 0 0 0 0 0 0 0 0 0 0 0 0 0 0 0 0 0 0 0 0 0 0 0 0 0 0 0 0 0 0 0 0 0 0 0 0 0 0 0 0 0 0 0 0 0 0 0 0 0 0 0 0 0 0 0 0 0 0 0 0 0 0 0 0 0 0 0 0 0 0 0 0 0 0 0 0 0 0 0 0 0 0 0 0 0 0 0 0 0 0 0 0 0 0 0 0 0 0 0 0 0 0 0 0 0 0 0 0 0 0 0 0 0 0 0 0 0 0 0 0 0 0 0 0 0 0 0 0 0 0 0 0 0 0 0 0 0 0 0 0 0 0 0 0 0 0 0 0 0 0 0
ctxt 63642179
btime 1600744687
processes 72227
procs_running 2
procs_blocked 0
softirq 31699086 5 11037528 35003 5968676 362321 0 15080 8712699 0 5567774
