cpu  1592670 3720 63950 271196357 2277 0 10422 0 0 0
cpu0 118384 141 4364 16928377 42 0 5484 0 0 0
cpu1 110932 0 3869 16937275 1364 0 1610 0 0 0
cpu2 107113 0 3868 16942728 106 0 647 0 0 0
cpu3 105756 0 4450 16942337 89 0 588 0 0 0
cpu4 102231 520 4072 16946454 63 0 216 0 0 0
cpu5 99442 279 3742 16949985 57 0 244 0 0 0
cpu6 97276 339 3897 16952727 65 0 52 0 0 0
cpu7 98782 0 4072 16950628 50 0 202 0 0 0
cpu8 95219 0 4093 16954193 80 0 359 0 0 0
cpu9 98151 666 3455 16951962 49 0 235 0 0 0
cpu10 95783 811 4119 16953110 38 0 214 0 0 0
cpu11 93928 0 3835 16956701 26 0 18 0 0 0
cpu12 94029 334 4116 16954510 129 0 192 0 0 0
cpu13 91970 0 3862 16957833 40 0 8 0 0 0
cpu14 91669 625 3931 16958510 37 0 316 0 0 0
cpu15 91998 1 4198 16959018 35 0 32 0 0 0
intr 36596401 33 0 0 0 0 0 0 0 1 1 0 0 0 0 0 0 0 0 50 0 0 0 0 0 0 0 0 0 0 0 0 2 2 2 2 38 362883 1 771748 628735 594974 887365 628335 531700 879279 548672 0 0 0 0 0 0 0 0 0 9 0 0 9 0 0 16 37 2 3 0 12 0 20 16 0 0 0 0 0 0 0 0 0 0 0 0 0 0 0 0 0 0 0 0 0 0 0 0 0 0 0 0 0 0 0 0 0 0 0 119 0 0 0 0 0 0 0 0 0 0 0 0 0 0 0 0 0 0 0 0 0 0 0 0 0 0 0 0 0 0 0 0 0 0 0 0 0 0 0 0 0 0 0 0 0 0 0 0 0 0 0 0 0 0 0 0 0 0 0 0 0 0 0 0 0 0 0 0 0 0 0 0 0 0 0 0 0 0 0 0 0 0 0 0 0 0 0 0 0 0 0 0 0 0 0 0 0 0 0 0 0 0 0 0 0 0 0 0 0 0 0 0 0 0 0 0 0 0 0 0 0 0 0 0 0 0 0 0 0 0 0 0 0 0 0 0 0 0 0 0 0 0 0 0 0 0 0 0 0 0 0 0 0 0 0 0 0 0 0 0 0 0 0 0 0 0 0 0 0 0 0 0 0 0 0 0 0 0 0 0 0 0 0 0 0 0 0 0 0 0 0 0 0 0 0 0 0 0 0 0 0 0 0 0 0 0 0 0 0 0 0 0 0 0 0 0 0 0 0 0 0 0 0 0 0 0 0 0 0 0 0 0 0 0 0 0 0 0 0 0 0 0 0 0 0 0 0 0 0 0 0 0 0 0 0 0 0 0 0 0 0 0 0 0 0 0 0 0 0 0 0 0 0 0 0 0 0 0 0 0 0 0 0 0 0 0 0 0 0 0 0 0 0 0 0 0 0 0 0 0 0 0 0 0 0 0 0 0 0 0 0 0 0 0 0 0 0 0 0 0 0 0 0 0 0 0 0 0 0 0 0 0 0 0 0 0 0 0 0 0 0 0 0 0 0 0 0 0 0 0 0 0 0 0 0 0 0 0 0 0 0 0 0 0 0 0 0 0 0 0 0 0 0 0 0 0 0 0 0 0 0 0 0 0 0 0 0 0 0 0 0 0 0 0 0 0 0 0 0 0 0 0 0 0 0 0 0 0 0 0 0 0 0 0 0 0 0 0 0 0 0 0 0 0 0 0 0 0 0 0 0 0 0 0 0 0 0 0 0 0 0 0 0 0 0 0
ctxt 62945845
btime 1600744687
processes 57201
procs_running 1
procs_blocked 0
softirq 30064498 5 10399062 34808 5541019 357768 0 14058 8432032 0 5285746
