cpu  1592772 3720 63974 271199053 2277 0 10438 0 0 0
cpu0 118389 141 4364 16928548 42 0 5492 0 0 0
cpu1 110932 0 3869 16937451 1364 0 1618 0 0 0
cpu2 107114 0 3870 16942903 106 0 647 0 0 0
cpu3 105766 0 4453 16942502 89 0 588 0 0 0
cpu4 102231 520 4074 16946629 63 0 216 0 0 0
cpu5 99451 279 3743 16950150 57 0 244 0 0 0
cpu6 97277 339 3897 16952903 65 0 52 0 0 0
cpu7 98815 0 4078 16950766 50 0 202 0 0 0
cpu8 95220 0 4094 16954368 80 0 359 0 0 0
cpu9 98152 666 3456 16952136 49 0 235 0 0 0
cpu10 95784 811 4119 16953284 38 0 214 0 0 0
cpu11 93928 0 3836 16956876 26 0 18 0 0 0
cpu12 94064 334 4120 16954647 129 0 192 0 0 0
cpu13 91971 0 3863 16958008 40 0 8 0 0 0
cpu14 91673 625 3932 16958681 37 0 316 0 0 0
cpu15 91998 1 4199 16959194 35 0 32 0 0 0
intr 36599995 33 0 0 0 0 0 0 0 1 1 0 0 0 0 0 0 0 0 50 0 0 0 0 0 0 0 0 0 0 0 0 2 2 2 2 38 362883 1 771749 628736 594990 887401 628386 531701 879280 548677 0 0 0 0 0 0 0 0 0 9 0 0 9 0 0 16 37 2 3 0 12 0 20 16 0 0 0 0 0 0 0 0 0 0 0 0 0 0 0 0 0 0 0 0 0 0 0 0 0 0 0 0 0 0 0 0 0 0 0 119 0 0 0 0 0 0 0 0 0 0 0 0 0 0 0 0 0 0 0 0 0 0 0 0 0 0 0 0 0 0 0 0 0 0 0 0 0 0 0 0 0 0 0 0 0 0 0 0 0 0 0 0 0 0 0 0 0 0 0 0 0 0 0 0 0 0 0 0 0 0 0 0 0 0 0 0 0 0 0 0 0 0 0 0 0 0 0 0 0 0 0 0 0 0 0 0 0 0 0 0 0 0 0 0 0 0 0 0 0 0 0 0 0 0 0 0 0 0 0 0 0 0 0 0 0 0 0 0 0 0 0 0 0 0 0 0 0 0 0 0 0 0 0 0 0 0 0 0 0 0 0 0 0 0 0 0 0 0 0 0 0 0 0 0 0 0 0 0 0 0 0 0 0 0 0 0 0 0 0 0 0 0 0 0 0 0 0 0 0 0 0 0 0 0 0 0 0 0 0 0 0 0 0 0 0 0 0 0 0 0 0 0 0 0 0 0 0 0 0 0 0 0 0 0 0 0 0 0 0 0 0 0 0 0 0 0 0 0 0 0 0 0 0 0 0 0 0 0 0 0 0 0 0 0 0 0 0 0 0 0 0 0 0 0 0 0 0 0 0 0 0 0 0 0 0 0 0 0 0 0 0 0 0 0 0 0 0 0 0 0 0 0 0 0 0 0 0 0 0 0 0 0 0 0 0 0 0 0 0 0 0 0 0 0 0 0 0 0 0 0 0 0 0 0 0 0 0 0 0 0 0 0 0 0 0 0 0 0 0 0 0 0 0 0 0 0 0 0 0 0 0 0 0 0 0 0 0 0 0 0 0 0 0 0 0 0 0 0 0 0 0 0 0 0 0 0 0 0 0 0 0 0 0 0 0 0 0 0 0 0 0 0 0 0 0 0 0 0 0 0 0 0 0 0 0 0 0 0 0 0 0 0 0 0 0 0 0 0 0 0 0 0 0 0 0 0 0 0 0 0 0 0 0 0 0 0 0 0 0 0 0 0 0 0 0 0
ctxt 62948453
btime 1600744687
processes 57369
procs_running 1
procs_blocked 0
softirq 30072641 5 10401680 34808 5541131 357768 0 14059 8434753 0 5288437
