cpu  1669222 3720 65903 272378568 2287 0 11797 0 0 0
cpu0 123454 141 4519 17001932 42 0 6273 0 0 0
cpu1 115676 0 3978 17011206 1371 0 1915 0 0 0
cpu2 111812 0 3976 17016718 106 0 744 0 0 0
cpu3 110424 0 4543 17016368 90 0 653 0 0 0
cpu4 106991 520 4171 17020412 63 0 235 0 0 0
cpu5 104254 279 3870 17023851 58 0 252 0 0 0
cpu6 102050 339 4009 17026645 65 0 56 0 0 0
cpu7 103664 0 4217 17024396 50 0 222 0 0 0
cpu8 100154 0 4229 17027909 81 0 372 0 0 0
cpu9 102956 666 3588 17025801 49 0 259 0 0 0
cpu10 100620 811 4266 17026911 38 0 224 0 0 0
cpu11 98583 0 3962 17030727 26 0 18 0 0 0
cpu12 98663 334 4215 17028567 129 0 199 0 0 0
cpu13 96558 0 3951 17031962 40 0 8 0 0 0
cpu14 96337 625 4059 17032496 37 0 329 0 0 0
cpu15 97019 1 4344 17032662 36 0 32 0 0 0
intr 37248564 33 0 0 0 0 0 0 0 1 1 0 0 0 0 0 0 0 0 50 0 0 0 0 0 0 0 0 0 0 0 0 2 2 2 2 38 365758 1 792403 665826 617810 904008 645760 557457 897773 577668 0 0 0 0 0 0 0 0 0 9 0 0 9 0 0 16 37 2 3 0 12 0 20 16 0 0 0 0 0 0 0 0 0 0 0 0 0 0 0 0 0 0 0 0 0 0 0 0 0 0 0 0 0 0 0 0 0 0 0 119 0 0 0 0 0 0 0 0 0 0 0 0 0 0 0 0 0 0 0 0 0 0 0 0 0 0 0 0 0 0 0 0 0 0 0 0 0 0 0 0 0 0 0 0 0 0 0 0 0 0 0 0 0 0 0 0 0 0 0 0 0 0 0 0 0 0 0 0 0 0 0 0 0 0 0 0 0 0 0 0 0 0 0 0 0 0 0 0 0 0 0 0 0 0 0 0 0 0 0 0 0 0 0 0 0 0 0 0 0 0 0 0 0 0 0 0 0 0 0 0 0 0 0 0 0 0 0 0 0 0 0 0 0 0 0 0 0 0 0 0 0 0 0 0 0 0 0 0 0 0 0 0 0 0 0 0 0 0 0 0 0 0 0 0 0 0 0 0 0 0 0 0 0 0 0 0 0 0 0 0 0 0 0 0 0 0 0 0 0 0 0 0 0 0 0 0 0 0 0 0 0 0 0 0 0 0 0 0 0 0 0 0 0 0 0 0 0 0 0 0 0 0 0 0 0 0 0 0 0 0 0 0 0 0 0 0 0 0 0 0 0 0 0 0 0 0 0 0 0 0 0 0 0 0 0 0 0 0 0 0 0 0 0 0 0 0 0 0 0 0 0 0 0 0 0 0 0 0 0 0 0 0 0 0 0 0 0 0 0 0 0 0 0 0 0 0 0 0 0 0 0 0 0 0 0 0 0 0 0 0 0 0 0 0 0 0 0 0 0 0 0 0 0 0 0 0 0 0 0 0 0 0 0 0 0 0 0 0 0 0 0 0 0 0 0 0 0 0 0 0 0 0 0 0 0 0 0 0 0 0 0 0 0 0 0 0 0 0 0 0 0 0 0 0 0 0 0 0 0 0 0 0 0 0 0 0 0 0 0 0 0 0 0 0 0 0 0 0 0 0 0 0 0 0 0 0 0 0 0 0 0 0 0 0 0 0 0 0 0 0 0 0 0 0 0 0 0 0 0 0 0 0 0 0 0 0 0 0 0 0 0 0 0 0 0 0
ctxt 63384591
btime 1600744687
processes 67341
procs_running 1
procs_blocked 0
softirq 30959614 5 10731081 34965 5728916 360601 0 14557 8620569 0 5468920
