cpu  1581294 3720 63522 271078280 2274 0 10053 0 0 0
cpu0 117632 141 4333 16921046 41 0 5250 0 0 0
cpu1 110248 0 3846 16929867 1363 0 1544 0 0 0
cpu2 106420 0 3847 16935325 105 0 610 0 0 0
cpu3 105032 0 4418 16934976 89 0 580 0 0 0
cpu4 101657 520 4055 16938930 63 0 209 0 0 0
cpu5 98787 279 3718 16942556 57 0 237 0 0 0
cpu6 96536 339 3876 16945367 65 0 52 0 0 0
cpu7 98029 0 4036 16943303 50 0 197 0 0 0
cpu8 94450 0 4062 16946864 80 0 358 0 0 0
cpu9 97502 666 3433 16944523 49 0 234 0 0 0
cpu10 94964 811 4086 16945836 38 0 213 0 0 0
cpu11 93227 0 3816 16949311 26 0 18 0 0 0
cpu12 93353 334 4098 16947096 129 0 190 0 0 0
cpu13 91332 0 3833 16950374 40 0 8 0 0 0
cpu14 90934 625 3900 16951151 37 0 316 0 0 0
cpu15 91186 1 4160 16951746 35 0 32 0 0 0
intr 36474396 33 0 0 0 0 0 0 0 1 1 0 0 0 0 0 0 0 0 50 0 0 0 0 0 0 0 0 0 0 0 0 2 2 2 2 38 361928 1 760574 624759 585446 885425 624764 527601 879033 548384 0 0 0 0 0 0 0 0 0 9 0 0 9 0 0 16 37 2 3 0 12 0 20 16 0 0 0 0 0 0 0 0 0 0 0 0 0 0 0 0 0 0 0 0 0 0 0 0 0 0 0 0 0 0 0 0 0 0 0 119 0 0 0 0 0 0 0 0 0 0 0 0 0 0 0 0 0 0 0 0 0 0 0 0 0 0 0 0 0 0 0 0 0 0 0 0 0 0 0 0 0 0 0 0 0 0 0 0 0 0 0 0 0 0 0 0 0 0 0 0 0 0 0 0 0 0 0 0 0 0 0 0 0 0 0 0 0 0 0 0 0 0 0 0 0 0 0 0 0 0 0 0 0 0 0 0 0 0 0 0 0 0 0 0 0 0 0 0 0 0 0 0 0 0 0 0 0 0 0 0 0 0 0 0 0 0 0 0 0 0 0 0 0 0 0 0 0 0 0 0 0 0 0 0 0 0 0 0 0 0 0 0 0 0 0 0 0 0 0 0 0 0 0 0 0 0 0 0 0 0 0 0 0 0 0 0 0 0 0 0 0 0 0 0 0 0 0 0 0 0 0 0 0 0 0 0 0 0 0 0 0 0 0 0 0 0 0 0 0 0 0 0 0 0 0 0 0 0 0 0 0 0 0 0 0 0 0 0 0 0 0 0 0 0 0 0 0 0 0 0 0 0 0 0 0 0 0 0 0 0 0 0 0 0 0 0 0 0 0 0 0 0 0 0 0 0 0 0 0 0 0 0 0 0 0 0 0 0 0 0 0 0 0 0 0 0 0 0 0 0 0 0 0 0 0 0 0 0 0 0 0 0 0 0 0 0 0 0 0 0 0 0 0 0 0 0 0 0 0 0 0 0 0 0 0 0 0 0 0 0 0 0 0 0 0 0 0 0 0 0 0 0 0 0 0 0 0 0 0 0 0 0 0 0 0 0 0 0 0 0 0 0 0 0 0 0 0 0 0 0 0 0 0 0 0 0 0 0 0 0 0 0 0 0 0 0 0 0 0 0 0 0 0 0 0 0 0 0 0 0 0 0 0 0 0 0 0 0 0 0 0 0 0 0 0 0 0 0 0 0 0 0 0 0 0 0 0 0 0 0 0 0 0 0 0 0 0 0 0 0 0 0 0 0 0 0
ctxt 62855060
btime 1600744687
processes 54840
procs_running 1
procs_blocked 0
softirq 29868690 5 10334694 34792 5506197 356830 0 13996 8376034 0 5246142
