cpu  1673690 3720 66003 272386365 2288 0 11866 0 0 0
cpu0 123726 141 4522 17002429 42 0 6328 0 0 0
cpu1 115951 0 3983 17011698 1371 0 1916 0 0 0
cpu2 112083 0 3979 17017217 106 0 750 0 0 0
cpu3 110696 0 4549 17016862 90 0 654 0 0 0
cpu4 107254 520 4174 17020917 63 0 237 0 0 0
cpu5 104555 279 3882 17024313 58 0 252 0 0 0
cpu6 102322 339 4016 17027140 65 0 56 0 0 0
cpu7 103935 0 4222 17024894 50 0 222 0 0 0
cpu8 100443 0 4242 17028380 81 0 375 0 0 0
cpu9 103220 666 3591 17026308 49 0 259 0 0 0
cpu10 100954 811 4280 17027337 38 0 224 0 0 0
cpu11 98882 0 3969 17031194 26 0 18 0 0 0
cpu12 98928 334 4220 17029069 129 0 199 0 0 0
cpu13 96820 0 3952 17032471 40 0 8 0 0 0
cpu14 96598 625 4062 17033002 37 0 329 0 0 0
cpu15 97317 1 4354 17033127 36 0 32 0 0 0
intr 37281614 33 0 0 0 0 0 0 0 1 1 0 0 0 0 0 0 0 0 50 0 0 0 0 0 0 0 0 0 0 0 0 2 2 2 2 38 366079 1 792465 665902 617814 911479 645801 557550 897871 580423 0 0 0 0 0 0 0 0 0 9 0 0 9 0 0 16 37 2 3 0 12 0 20 16 0 0 0 0 0 0 0 0 0 0 0 0 0 0 0 0 0 0 0 0 0 0 0 0 0 0 0 0 0 0 0 0 0 0 0 119 0 0 0 0 0 0 0 0 0 0 0 0 0 0 0 0 0 0 0 0 0 0 0 0 0 0 0 0 0 0 0 0 0 0 0 0 0 0 0 0 0 0 0 0 0 0 0 0 0 0 0 0 0 0 0 0 0 0 0 0 0 0 0 0 0 0 0 0 0 0 0 0 0 0 0 0 0 0 0 0 0 0 0 0 0 0 0 0 0 0 0 0 0 0 0 0 0 0 0 0 0 0 0 0 0 0 0 0 0 0 0 0 0 0 0 0 0 0 0 0 0 0 0 0 0 0 0 0 0 0 0 0 0 0 0 0 0 0 0 0 0 0 0 0 0 0 0 0 0 0 0 0 0 0 0 0 0 0 0 0 0 0 0 0 0 0 0 0 0 0 0 0 0 0 0 0 0 0 0 0 0 0 0 0 0 0 0 0 0 0 0 0 0 0 0 0 0 0 0 0 0 0 0 0 0 0 0 0 0 0 0 0 0 0 0 0 0 0 0 0 0 0 0 0 0 0 0 0 0 0 0 0 0 0 0 0 0 0 0 0 0 0 0 0 0 0 0 0 0 0 0 0 0 0 0 0 0 0 0 0 0 0 0 0 0 0 0 0 0 0 0 0 0 0 0 0 0 0 0 0 0 0 0 0 0 0 0 0 0 0 0 0 0 0 0 0 0 0 0 0 0 0 0 0 0 0 0 0 0 0 0 0 0 0 0 0 0 0 0 0 0 0 0 0 0 0 0 0 0 0 0 0 0 0 0 0 0 0 0 0 0 0 0 0 0 0 0 0 0 0 0 0 0 0 0 0 0 0 0 0 0 0 0 0 0 0 0 0 0 0 0 0 0 0 0 0 0 0 0 0 0 0 0 0 0 0 0 0 0 0 0 0 0 0 0 0 0 0 0 0 0 0 0 0 0 0 0 0 0 0 0 0 0 0 0 0 0 0 0 0 0 0 0 0 0 0 0 0 0 0 0 0 0 0 0 0 0 0 0 0 0 0 0 0 0 0
ctxt 63400655
btime 1600744687
processes 67848
procs_running 1
procs_blocked 0
softirq 31005236 5 10748414 34967 5739516 360920 0 14590 8629073 0 5477751
