cpu  1695478 3720 66313 272408764 2288 0 12090 0 0 0
cpu0 125156 141 4547 17003754 42 0 6440 0 0 0
cpu1 117321 0 4006 17013086 1371 0 1975 0 0 0
cpu2 113428 0 3996 17018635 107 0 766 0 0 0
cpu3 112007 0 4568 17018307 90 0 668 0 0 0
cpu4 108616 520 4190 17022320 63 0 238 0 0 0
cpu5 105906 279 3900 17025719 58 0 260 0 0 0
cpu6 103678 339 4038 17028548 65 0 58 0 0 0
cpu7 105337 0 4244 17026253 50 0 223 0 0 0
cpu8 101814 0 4262 17029769 81 0 376 0 0 0
cpu9 104571 666 3606 17027725 49 0 259 0 0 0
cpu10 102323 811 4301 17028731 38 0 226 0 0 0
cpu11 100242 0 3984 17032601 26 0 18 0 0 0
cpu12 100270 334 4243 17030483 129 0 201 0 0 0
cpu13 98168 0 3968 17033888 40 0 8 0 0 0
cpu14 97961 625 4080 17034402 37 0 334 0 0 0
cpu15 98673 1 4373 17034536 36 0 32 0 0 0
intr 37421924 33 0 0 0 0 0 0 0 1 1 0 0 0 0 0 0 0 0 50 0 0 0 0 0 0 0 0 0 0 0 0 2 2 2 2 38 366408 1 800027 665970 625322 916989 658676 572697 900876 580645 0 0 0 0 0 0 0 0 0 9 0 0 9 0 0 16 37 2 3 0 12 0 20 16 0 0 0 0 0 0 0 0 0 0 0 0 0 0 0 0 0 0 0 0 0 0 0 0 0 0 0 0 0 0 0 0 0 0 0 119 0 0 0 0 0 0 0 0 0 0 0 0 0 0 0 0 0 0 0 0 0 0 0 0 0 0 0 0 0 0 0 0 0 0 0 0 0 0 0 0 0 0 0 0 0 0 0 0 0 0 0 0 0 0 0 0 0 0 0 0 0 0 0 0 0 0 0 0 0 0 0 0 0 0 0 0 0 0 0 0 0 0 0 0 0 0 0 0 0 0 0 0 0 0 0 0 0 0 0 0 0 0 0 0 0 0 0 0 0 0 0 0 0 0 0 0 0 0 0 0 0 0 0 0 0 0 0 0 0 0 0 0 0 0 0 0 0 0 0 0 0 0 0 0 0 0 0 0 0 0 0 0 0 0 0 0 0 0 0 0 0 0 0 0 0 0 0 0 0 0 0 0 0 0 0 0 0 0 0 0 0 0 0 0 0 0 0 0 0 0 0 0 0 0 0 0 0 0 0 0 0 0 0 0 0 0 0 0 0 0 0 0 0 0 0 0 0 0 0 0 0 0 0 0 0 0 0 0 0 0 0 0 0 0 0 0 0 0 0 0 0 0 0 0 0 0 0 0 0 0 0 0 0 0 0 0 0 0 0 0 0 0 0 0 0 0 0 0 0 0 0 0 0 0 0 0 0 0 0 0 0 0 0 0 0 0 0 0 0 0 0 0 0 0 0 0 0 0 0 0 0 0 0 0 0 0 0 0 0 0 0 0 0 0 0 0 0 0 0 0 0 0 0 0 0 0 0 0 0 0 0 0 0 0 0 0 0 0 0 0 0 0 0 0 0 0 0 0 0 0 0 0 0 0 0 0 0 0 0 0 0 0 0 0 0 0 0 0 0 0 0 0 0 0 0 0 0 0 0 0 0 0 0 0 0 0 0 0 0 0 0 0 0 0 0 0 0 0 0 0 0 0 0 0 0 0 0 0 0 0 0 0 0 0 0 0 0 0 0 0 0 0 0 0 0 0 0 0 0 0 0 0 0 0 0 0 0 0 0 0 0 0 0 0 0 0
ctxt 63460536
btime 1600744687
processes 69364
procs_running 1
procs_blocked 0
softirq 31184268 5 10820338 34972 5791413 361247 0 14687 8655304 0 5506302
