cpu  1651825 3720 65646 272361079 2287 0 11644 0 0 0
cpu0 122308 141 4496 17000908 42 0 6182 0 0 0
cpu1 114622 0 3969 17010074 1371 0 1881 0 0 0
cpu2 110751 0 3965 17015595 106 0 738 0 0 0
cpu3 109343 0 4521 17015274 90 0 647 0 0 0
cpu4 105862 520 4152 17019359 63 0 234 0 0 0
cpu5 103183 279 3854 17022735 58 0 249 0 0 0
cpu6 100956 339 3996 17025558 65 0 55 0 0 0
cpu7 102567 0 4203 17023314 50 0 220 0 0 0
cpu8 99077 0 4215 17026806 81 0 370 0 0 0
cpu9 101881 666 3572 17024695 49 0 256 0 0 0
cpu10 99529 811 4248 17025825 38 0 223 0 0 0
cpu11 97531 0 3946 17029596 26 0 18 0 0 0
cpu12 97593 334 4192 17027465 129 0 196 0 0 0
cpu13 95504 0 3942 17030828 40 0 8 0 0 0
cpu14 95259 625 4048 17031386 37 0 329 0 0 0
cpu15 95854 1 4321 17031654 36 0 32 0 0 0
intr 37135510 33 0 0 0 0 0 0 0 1 1 0 0 0 0 0 0 0 0 50 0 0 0 0 0 0 0 0 0 0 0 0 2 2 2 2 38 365337 1 789403 662943 610274 893591 638266 549818 897577 574711 0 0 0 0 0 0 0 0 0 9 0 0 9 0 0 16 37 2 3 0 12 0 20 16 0 0 0 0 0 0 0 0 0 0 0 0 0 0 0 0 0 0 0 0 0 0 0 0 0 0 0 0 0 0 0 0 0 0 0 119 0 0 0 0 0 0 0 0 0 0 0 0 0 0 0 0 0 0 0 0 0 0 0 0 0 0 0 0 0 0 0 0 0 0 0 0 0 0 0 0 0 0 0 0 0 0 0 0 0 0 0 0 0 0 0 0 0 0 0 0 0 0 0 0 0 0 0 0 0 0 0 0 0 0 0 0 0 0 0 0 0 0 0 0 0 0 0 0 0 0 0 0 0 0 0 0 0 0 0 0 0 0 0 0 0 0 0 0 0 0 0 0 0 0 0 0 0 0 0 0 0 0 0 0 0 0 0 0 0 0 0 0 0 0 0 0 0 0 0 0 0 0 0 0 0 0 0 0 0 0 0 0 0 0 0 0 0 0 0 0 0 0 0 0 0 0 0 0 0 0 0 0 0 0 0 0 0 0 0 0 0 0 0 0 0 0 0 0 0 0 0 0 0 0 0 0 0 0 0 0 0 0 0 0 0 0 0 0 0 0 0 0 0 0 0 0 0 0 0 0 0 0 0 0 0 0 0 0 0 0 0 0 0 0 0 0 0 0 0 0 0 0 0 0 0 0 0 0 0 0 0 0 0 0 0 0 0 0 0 0 0 0 0 0 0 0 0 0 0 0 0 0 0 0 0 0 0 0 0 0 0 0 0 0 0 0 0 0 0 0 0 0 0 0 0 0 0 0 0 0 0 0 0 0 0 0 0 0 0 0 0 0 0 0 0 0 0 0 0 0 0 0 0 0 0 0 0 0 0 0 0 0 0 0 0 0 0 0 0 0 0 0 0 0 0 0 0 0 0 0 0 0 0 0 0 0 0 0 0 0 0 0 0 0 0 0 0 0 0 0 0 0 0 0 0 0 0 0 0 0 0 0 0 0 0 0 0 0 0 0 0 0 0 0 0 0 0 0 0 0 0 0 0 0 0 0 0 0 0 0 0 0 0 0 0 0 0 0 0 0 0 0 0 0 0 0 0 0 0 0 0 0 0 0 0 0 0 0 0 0 0 0 0 0 0 0
ctxt 63334043
btime 1600744687
processes 66165
procs_running 1
procs_blocked 0
softirq 30815166 5 10673425 34960 5686794 360181 0 14473 8599663 0 5445665
