cpu  1695915 3720 66453 272544708 2290 0 12203 0 0 0
cpu0 125228 141 4558 17012199 42 0 6500 0 0 0
cpu1 117338 0 4011 17021595 1373 0 2021 0 0 0
cpu2 113437 0 4003 17027150 107 0 770 0 0 0
cpu3 112015 0 4574 17026826 90 0 670 0 0 0
cpu4 108618 520 4196 17030845 63 0 238 0 0 0
cpu5 105939 279 3908 17034210 58 0 261 0 0 0
cpu6 103681 339 4042 17037071 65 0 58 0 0 0
cpu7 105340 0 4249 17034779 50 0 223 0 0 0
cpu8 101864 0 4274 17038240 81 0 376 0 0 0
cpu9 104595 666 3609 17036230 49 0 259 0 0 0
cpu10 102382 811 4311 17037194 38 0 227 0 0 0
cpu11 100289 0 3998 17041079 26 0 18 0 0 0
cpu12 100288 334 4267 17038976 129 0 201 0 0 0
cpu13 98212 0 3976 17042367 40 0 8 0 0 0
cpu14 97966 625 4087 17042924 37 0 334 0 0 0
cpu15 98717 1 4382 17043018 36 0 32 0 0 0
intr 37444144 33 0 0 0 0 0 0 0 1 1 0 0 0 0 0 0 0 0 50 0 0 0 0 0 0 0 0 0 0 0 0 2 2 2 2 38 366744 1 800097 666095 625420 917109 658740 572957 901127 580737 0 0 0 0 0 0 0 0 0 9 0 0 9 0 0 16 37 2 3 0 12 0 20 16 0 0 0 0 0 0 0 0 0 0 0 0 0 0 0 0 0 0 0 0 0 0 0 0 0 0 0 0 0 0 0 0 0 0 0 119 0 0 0 0 0 0 0 0 0 0 0 0 0 0 0 0 0 0 0 0 0 0 0 0 0 0 0 0 0 0 0 0 0 0 0 0 0 0 0 0 0 0 0 0 0 0 0 0 0 0 0 0 0 0 0 0 0 0 0 0 0 0 0 0 0 0 0 0 0 0 0 0 0 0 0 0 0 0 0 0 0 0 0 0 0 0 0 0 0 0 0 0 0 0 0 0 0 0 0 0 0 0 0 0 0 0 0 0 0 0 0 0 0 0 0 0 0 0 0 0 0 0 0 0 0 0 0 0 0 0 0 0 0 0 0 0 0 0 0 0 0 0 0 0 0 0 0 0 0 0 0 0 0 0 0 0 0 0 0 0 0 0 0 0 0 0 0 0 0 0 0 0 0 0 0 0 0 0 0 0 0 0 0 0 0 0 0 0 0 0 0 0 0 0 0 0 0 0 0 0 0 0 0 0 0 0 0 0 0 0 0 0 0 0 0 0 0 0 0 0 0 0 0 0 0 0 0 0 0 0 0 0 0 0 0 0 0 0 0 0 0 0 0 0 0 0 0 0 0 0 0 0 0 0 0 0 0 0 0 0 0 0 0 0 0 0 0 0 0 0 0 0 0 0 0 0 0 0 0 0 0 0 0 0 0 0 0 0 0 0 0 0 0 0 0 0 0 0 0 0 0 0 0 0 0 0 0 0 0 0 0 0 0 0 0 0 0 0 0 0 0 0 0 0 0 0 0 0 0 0 0 0 0 0 0 0 0 0 0 0 0 0 0 0 0 0 0 0 0 0 0 0 0 0 0 0 0 0 0 0 0 0 0 0 0 0 0 0 0 0 0 0 0 0 0 0 0 0 0 0 0 0 0 0 0 0 0 0 0 0 0 0 0 0 0 0 0 0 0 0 0 0 0 0 0 0 0 0 0 0 0 0 0 0 0 0 0 0 0 0 0 0 0 0 0 0 0 0 0 0 0 0 0 0 0 0 0 0 0 0 0 0 0 0 0 0
ctxt 63488719
btime 1600744687
processes 70041
procs_running 1
procs_blocked 0
softirq 31221601 5 10832261 34989 5792493 361580 0 14767 8667552 0 5517954
