cpu  1633908 3720 65265 272309091 2286 0 11356 0 0 0
cpu0 121104 141 4464 16997752 42 0 6040 0 0 0
cpu1 113500 0 3950 17006829 1370 0 1790 0 0 0
cpu2 109680 0 3946 17012286 106 0 716 0 0 0
cpu3 108229 0 4502 17012018 90 0 640 0 0 0
cpu4 104687 520 4123 17016168 63 0 229 0 0 0
cpu5 102048 279 3830 17019497 58 0 249 0 0 0
cpu6 99759 339 3963 17022393 65 0 54 0 0 0
cpu7 101456 0 4172 17020066 50 0 213 0 0 0
cpu8 97975 0 4197 17023536 81 0 370 0 0 0
cpu9 100735 666 3542 17021486 49 0 248 0 0 0
cpu10 98440 811 4229 17022537 38 0 223 0 0 0
cpu11 96444 0 3921 17026310 26 0 18 0 0 0
cpu12 96536 334 4174 17024147 129 0 196 0 0 0
cpu13 94436 0 3926 17027517 40 0 8 0 0 0
cpu14 94198 625 4032 17028072 37 0 324 0 0 0
cpu15 94674 1 4288 17028473 35 0 32 0 0 0
intr 37003262 33 0 0 0 0 0 0 0 1 1 0 0 0 0 0 0 0 0 50 0 0 0 0 0 0 0 0 0 0 0 0 2 2 2 2 38 364839 1 781741 645419 604293 893408 638189 549436 886739 574469 0 0 0 0 0 0 0 0 0 9 0 0 9 0 0 16 37 2 3 0 12 0 20 16 0 0 0 0 0 0 0 0 0 0 0 0 0 0 0 0 0 0 0 0 0 0 0 0 0 0 0 0 0 0 0 0 0 0 0 119 0 0 0 0 0 0 0 0 0 0 0 0 0 0 0 0 0 0 0 0 0 0 0 0 0 0 0 0 0 0 0 0 0 0 0 0 0 0 0 0 0 0 0 0 0 0 0 0 0 0 0 0 0 0 0 0 0 0 0 0 0 0 0 0 0 0 0 0 0 0 0 0 0 0 0 0 0 0 0 0 0 0 0 0 0 0 0 0 0 0 0 0 0 0 0 0 0 0 0 0 0 0 0 0 0 0 0 0 0 0 0 0 0 0 0 0 0 0 0 0 0 0 0 0 0 0 0 0 0 0 0 0 0 0 0 0 0 0 0 0 0 0 0 0 0 0 0 0 0 0 0 0 0 0 0 0 0 0 0 0 0 0 0 0 0 0 0 0 0 0 0 0 0 0 0 0 0 0 0 0 0 0 0 0 0 0 0 0 0 0 0 0 0 0 0 0 0 0 0 0 0 0 0 0 0 0 0 0 0 0 0 0 0 0 0 0 0 0 0 0 0 0 0 0 0 0 0 0 0 0 0 0 0 0 0 0 0 0 0 0 0 0 0 0 0 0 0 0 0 0 0 0 0 0 0 0 0 0 0 0 0 0 0 0 0 0 0 0 0 0 0 0 0 0 0 0 0 0 0 0 0 0 0 0 0 0 0 0 0 0 0 0 0 0 0 0 0 0 0 0 0 0 0 0 0 0 0 0 0 0 0 0 0 0 0 0 0 0 0 0 0 0 0 0 0 0 0 0 0 0 0 0 0 0 0 0 0 0 0 0 0 0 0 0 0 0 0 0 0 0 0 0 0 0 0 0 0 0 0 0 0 0 0 0 0 0 0 0 0 0 0 0 0 0 0 0 0 0 0 0 0 0 0 0 0 0 0 0 0 0 0 0 0 0 0 0 0 0 0 0 0 0 0 0 0 0 0 0 0 0 0 0 0 0 0 0 0 0 0 0 0 0 0 0 0 0 0 0 0 0 0 0 0 0 0 0 0 0 0 0 0 0 0 0 0 0
ctxt 63265089
btime 1600744687
processes 64148
procs_running 1
procs_blocked 0
softirq 30631480 5 10603431 34951 5643905 359687 0 14338 8565215 0 5409948
