cpu  1594720 3720 64010 271202225 2278 0 10461 0 0 0
cpu0 118514 141 4367 16928742 42 0 5498 0 0 0
cpu1 111086 0 3878 16937609 1364 0 1618 0 0 0
cpu2 107227 0 3873 16943108 106 0 652 0 0 0
cpu3 105889 0 4454 16942702 90 0 595 0 0 0
cpu4 102355 520 4075 16946828 63 0 216 0 0 0
cpu5 99598 279 3747 16950321 57 0 244 0 0 0
cpu6 97403 339 3899 16953097 65 0 52 0 0 0
cpu7 98926 0 4079 16950976 50 0 202 0 0 0
cpu8 95334 0 4095 16954573 80 0 360 0 0 0
cpu9 98272 666 3456 16952337 49 0 236 0 0 0
cpu10 95899 811 4122 16953489 38 0 214 0 0 0
cpu11 94048 0 3837 16957079 26 0 18 0 0 0
cpu12 94180 334 4121 16954853 129 0 192 0 0 0
cpu13 92094 0 3866 16958208 40 0 8 0 0 0
cpu14 91785 625 3936 16958887 37 0 318 0 0 0
cpu15 92104 1 4200 16959408 35 0 32 0 0 0
intr 36614632 33 0 0 0 0 0 0 0 1 1 0 0 0 0 0 0 0 0 50 0 0 0 0 0 0 0 0 0 0 0 0 2 2 2 2 38 362887 1 771766 632503 595026 887410 628388 531703 880900 548711 0 0 0 0 0 0 0 0 0 9 0 0 9 0 0 16 37 2 3 0 12 0 20 16 0 0 0 0 0 0 0 0 0 0 0 0 0 0 0 0 0 0 0 0 0 0 0 0 0 0 0 0 0 0 0 0 0 0 0 119 0 0 0 0 0 0 0 0 0 0 0 0 0 0 0 0 0 0 0 0 0 0 0 0 0 0 0 0 0 0 0 0 0 0 0 0 0 0 0 0 0 0 0 0 0 0 0 0 0 0 0 0 0 0 0 0 0 0 0 0 0 0 0 0 0 0 0 0 0 0 0 0 0 0 0 0 0 0 0 0 0 0 0 0 0 0 0 0 0 0 0 0 0 0 0 0 0 0 0 0 0 0 0 0 0 0 0 0 0 0 0 0 0 0 0 0 0 0 0 0 0 0 0 0 0 0 0 0 0 0 0 0 0 0 0 0 0 0 0 0 0 0 0 0 0 0 0 0 0 0 0 0 0 0 0 0 0 0 0 0 0 0 0 0 0 0 0 0 0 0 0 0 0 0 0 0 0 0 0 0 0 0 0 0 0 0 0 0 0 0 0 0 0 0 0 0 0 0 0 0 0 0 0 0 0 0 0 0 0 0 0 0 0 0 0 0 0 0 0 0 0 0 0 0 0 0 0 0 0 0 0 0 0 0 0 0 0 0 0 0 0 0 0 0 0 0 0 0 0 0 0 0 0 0 0 0 0 0 0 0 0 0 0 0 0 0 0 0 0 0 0 0 0 0 0 0 0 0 0 0 0 0 0 0 0 0 0 0 0 0 0 0 0 0 0 0 0 0 0 0 0 0 0 0 0 0 0 0 0 0 0 0 0 0 0 0 0 0 0 0 0 0 0 0 0 0 0 0 0 0 0 0 0 0 0 0 0 0 0 0 0 0 0 0 0 0 0 0 0 0 0 0 0 0 0 0 0 0 0 0 0 0 0 0 0 0 0 0 0 0 0 0 0 0 0 0 0 0 0 0 0 0 0 0 0 0 0 0 0 0 0 0 0 0 0 0 0 0 0 0 0 0 0 0 0 0 0 0 0 0 0 0 0 0 0 0 0 0 0 0 0 0 0 0 0 0 0 0 0 0 0 0 0 0 0 0 0 0 0 0 0 0 0 0 0 0
ctxt 62958431
btime 1600744687
processes 57537
procs_running 1
procs_blocked 0
softirq 30092970 5 10408866 34809 5546618 357772 0 14069 8439660 0 5291171
