cpu  1686825 3720 66206 272401499 2288 0 12006 0 0 0
cpu0 124628 141 4544 17003285 42 0 6381 0 0 0
cpu1 116752 0 3996 17012664 1371 0 1971 0 0 0
cpu2 112906 0 3992 17018161 107 0 760 0 0 0
cpu3 111484 0 4560 17017838 90 0 661 0 0 0
cpu4 108083 520 4186 17021855 63 0 238 0 0 0
cpu5 105383 279 3894 17025250 58 0 256 0 0 0
cpu6 103119 339 4026 17028112 65 0 57 0 0 0
cpu7 104779 0 4236 17025818 50 0 222 0 0 0
cpu8 101284 0 4259 17029302 81 0 376 0 0 0
cpu9 104008 666 3599 17027293 49 0 259 0 0 0
cpu10 101794 811 4294 17028267 38 0 226 0 0 0
cpu11 99679 0 3978 17032169 26 0 18 0 0 0
cpu12 99746 334 4233 17030013 129 0 201 0 0 0
cpu13 97646 0 3963 17033413 40 0 8 0 0 0
cpu14 97388 625 4072 17033979 37 0 334 0 0 0
cpu15 98140 1 4366 17034073 36 0 32 0 0 0
intr 37368091 33 0 0 0 0 0 0 0 1 1 0 0 0 0 0 0 0 0 50 0 0 0 0 0 0 0 0 0 0 0 0 2 2 2 2 38 366400 1 800004 665965 617859 914257 656016 565119 900729 580601 0 0 0 0 0 0 0 0 0 9 0 0 9 0 0 16 37 2 3 0 12 0 20 16 0 0 0 0 0 0 0 0 0 0 0 0 0 0 0 0 0 0 0 0 0 0 0 0 0 0 0 0 0 0 0 0 0 0 0 119 0 0 0 0 0 0 0 0 0 0 0 0 0 0 0 0 0 0 0 0 0 0 0 0 0 0 0 0 0 0 0 0 0 0 0 0 0 0 0 0 0 0 0 0 0 0 0 0 0 0 0 0 0 0 0 0 0 0 0 0 0 0 0 0 0 0 0 0 0 0 0 0 0 0 0 0 0 0 0 0 0 0 0 0 0 0 0 0 0 0 0 0 0 0 0 0 0 0 0 0 0 0 0 0 0 0 0 0 0 0 0 0 0 0 0 0 0 0 0 0 0 0 0 0 0 0 0 0 0 0 0 0 0 0 0 0 0 0 0 0 0 0 0 0 0 0 0 0 0 0 0 0 0 0 0 0 0 0 0 0 0 0 0 0 0 0 0 0 0 0 0 0 0 0 0 0 0 0 0 0 0 0 0 0 0 0 0 0 0 0 0 0 0 0 0 0 0 0 0 0 0 0 0 0 0 0 0 0 0 0 0 0 0 0 0 0 0 0 0 0 0 0 0 0 0 0 0 0 0 0 0 0 0 0 0 0 0 0 0 0 0 0 0 0 0 0 0 0 0 0 0 0 0 0 0 0 0 0 0 0 0 0 0 0 0 0 0 0 0 0 0 0 0 0 0 0 0 0 0 0 0 0 0 0 0 0 0 0 0 0 0 0 0 0 0 0 0 0 0 0 0 0 0 0 0 0 0 0 0 0 0 0 0 0 0 0 0 0 0 0 0 0 0 0 0 0 0 0 0 0 0 0 0 0 0 0 0 0 0 0 0 0 0 0 0 0 0 0 0 0 0 0 0 0 0 0 0 0 0 0 0 0 0 0 0 0 0 0 0 0 0 0 0 0 0 0 0 0 0 0 0 0 0 0 0 0 0 0 0 0 0 0 0 0 0 0 0 0 0 0 0 0 0 0 0 0 0 0 0 0 0 0 0 0 0 0 0 0 0 0 0 0 0 0 0 0 0 0 0 0 0 0 0 0 0 0 0 0 0 0 0 0 0 0 0 0
ctxt 63438290
btime 1600744687
processes 68858
procs_running 1
procs_blocked 0
softirq 31117839 5 10793266 34970 5770761 361239 0 14643 8646302 0 5496653
