cpu  1677966 3720 66041 272388614 2288 0 11903 0 0 0
cpu0 123988 141 4524 17002576 42 0 6346 0 0 0
cpu1 116215 0 3986 17011841 1371 0 1928 0 0 0
cpu2 112344 0 3981 17017364 106 0 752 0 0 0
cpu3 110959 0 4551 17017009 90 0 654 0 0 0
cpu4 107515 520 4176 17021064 63 0 237 0 0 0
cpu5 104856 279 3887 17024418 58 0 252 0 0 0
cpu6 102585 339 4017 17027287 65 0 56 0 0 0
cpu7 104203 0 4224 17025036 50 0 222 0 0 0
cpu8 100714 0 4245 17028515 81 0 375 0 0 0
cpu9 103483 666 3593 17026455 49 0 259 0 0 0
cpu10 101214 811 4282 17027485 38 0 224 0 0 0
cpu11 99144 0 3970 17031341 26 0 18 0 0 0
cpu12 99190 334 4222 17029214 129 0 199 0 0 0
cpu13 97080 0 3953 17032620 40 0 8 0 0 0
cpu14 96857 625 4066 17033145 37 0 334 0 0 0
cpu15 97612 1 4360 17033237 36 0 32 0 0 0
intr 37306912 33 0 0 0 0 0 0 0 1 1 0 0 0 0 0 0 0 0 50 0 0 0 0 0 0 0 0 0 0 0 0 2 2 2 2 38 366079 1 792481 665940 617816 911511 653275 557585 900607 580429 0 0 0 0 0 0 0 0 0 9 0 0 9 0 0 16 37 2 3 0 12 0 20 16 0 0 0 0 0 0 0 0 0 0 0 0 0 0 0 0 0 0 0 0 0 0 0 0 0 0 0 0 0 0 0 0 0 0 0 119 0 0 0 0 0 0 0 0 0 0 0 0 0 0 0 0 0 0 0 0 0 0 0 0 0 0 0 0 0 0 0 0 0 0 0 0 0 0 0 0 0 0 0 0 0 0 0 0 0 0 0 0 0 0 0 0 0 0 0 0 0 0 0 0 0 0 0 0 0 0 0 0 0 0 0 0 0 0 0 0 0 0 0 0 0 0 0 0 0 0 0 0 0 0 0 0 0 0 0 0 0 0 0 0 0 0 0 0 0 0 0 0 0 0 0 0 0 0 0 0 0 0 0 0 0 0 0 0 0 0 0 0 0 0 0 0 0 0 0 0 0 0 0 0 0 0 0 0 0 0 0 0 0 0 0 0 0 0 0 0 0 0 0 0 0 0 0 0 0 0 0 0 0 0 0 0 0 0 0 0 0 0 0 0 0 0 0 0 0 0 0 0 0 0 0 0 0 0 0 0 0 0 0 0 0 0 0 0 0 0 0 0 0 0 0 0 0 0 0 0 0 0 0 0 0 0 0 0 0 0 0 0 0 0 0 0 0 0 0 0 0 0 0 0 0 0 0 0 0 0 0 0 0 0 0 0 0 0 0 0 0 0 0 0 0 0 0 0 0 0 0 0 0 0 0 0 0 0 0 0 0 0 0 0 0 0 0 0 0 0 0 0 0 0 0 0 0 0 0 0 0 0 0 0 0 0 0 0 0 0 0 0 0 0 0 0 0 0 0 0 0 0 0 0 0 0 0 0 0 0 0 0 0 0 0 0 0 0 0 0 0 0 0 0 0 0 0 0 0 0 0 0 0 0 0 0 0 0 0 0 0 0 0 0 0 0 0 0 0 0 0 0 0 0 0 0 0 0 0 0 0 0 0 0 0 0 0 0 0 0 0 0 0 0 0 0 0 0 0 0 0 0 0 0 0 0 0 0 0 0 0 0 0 0 0 0 0 0 0 0 0 0 0 0 0 0 0 0 0 0 0 0 0 0 0 0 0 0 0 0 0 0 0 0 0 0
ctxt 63410698
btime 1600744687
processes 68016
procs_running 1
procs_blocked 0
softirq 31034901 5 10760814 34967 5749855 360920 0 14601 8632308 0 5481431
