cpu  1586587 3720 63679 271099965 2276 0 10199 0 0 0
cpu0 117953 141 4340 16922412 42 0 5351 0 0 0
cpu1 110588 0 3857 16931215 1364 0 1574 0 0 0
cpu2 106780 0 3858 16936649 105 0 616 0 0 0
cpu3 105389 0 4436 16936293 89 0 585 0 0 0
cpu4 101891 520 4061 16940383 63 0 210 0 0 0
cpu5 99133 279 3731 16943886 57 0 238 0 0 0
cpu6 96909 339 3886 16946680 65 0 52 0 0 0
cpu7 98379 0 4045 16944641 50 0 198 0 0 0
cpu8 94791 0 4069 16948215 80 0 358 0 0 0
cpu9 97835 666 3441 16945878 49 0 234 0 0 0
cpu10 95314 811 4098 16947176 38 0 214 0 0 0
cpu11 93528 0 3821 16950702 26 0 18 0 0 0
cpu12 93642 334 4102 16948496 129 0 190 0 0 0
cpu13 91595 0 3840 16951802 40 0 8 0 0 0
cpu14 91294 625 3911 16952477 37 0 316 0 0 0
cpu15 91560 1 4177 16953054 35 0 32 0 0 0
intr 36526497 33 0 0 0 0 0 0 0 1 1 0 0 0 0 0 0 0 0 50 0 0 0 0 0 0 0 0 0 0 0 0 2 2 2 2 38 362346 1 766198 624825 589384 887228 626530 531565 879063 548397 0 0 0 0 0 0 0 0 0 9 0 0 9 0 0 16 37 2 3 0 12 0 20 16 0 0 0 0 0 0 0 0 0 0 0 0 0 0 0 0 0 0 0 0 0 0 0 0 0 0 0 0 0 0 0 0 0 0 0 119 0 0 0 0 0 0 0 0 0 0 0 0 0 0 0 0 0 0 0 0 0 0 0 0 0 0 0 0 0 0 0 0 0 0 0 0 0 0 0 0 0 0 0 0 0 0 0 0 0 0 0 0 0 0 0 0 0 0 0 0 0 0 0 0 0 0 0 0 0 0 0 0 0 0 0 0 0 0 0 0 0 0 0 0 0 0 0 0 0 0 0 0 0 0 0 0 0 0 0 0 0 0 0 0 0 0 0 0 0 0 0 0 0 0 0 0 0 0 0 0 0 0 0 0 0 0 0 0 0 0 0 0 0 0 0 0 0 0 0 0 0 0 0 0 0 0 0 0 0 0 0 0 0 0 0 0 0 0 0 0 0 0 0 0 0 0 0 0 0 0 0 0 0 0 0 0 0 0 0 0 0 0 0 0 0 0 0 0 0 0 0 0 0 0 0 0 0 0 0 0 0 0 0 0 0 0 0 0 0 0 0 0 0 0 0 0 0 0 0 0 0 0 0 0 0 0 0 0 0 0 0 0 0 0 0 0 0 0 0 0 0 0 0 0 0 0 0 0 0 0 0 0 0 0 0 0 0 0 0 0 0 0 0 0 0 0 0 0 0 0 0 0 0 0 0 0 0 0 0 0 0 0 0 0 0 0 0 0 0 0 0 0 0 0 0 0 0 0 0 0 0 0 0 0 0 0 0 0 0 0 0 0 0 0 0 0 0 0 0 0 0 0 0 0 0 0 0 0 0 0 0 0 0 0 0 0 0 0 0 0 0 0 0 0 0 0 0 0 0 0 0 0 0 0 0 0 0 0 0 0 0 0 0 0 0 0 0 0 0 0 0 0 0 0 0 0 0 0 0 0 0 0 0 0 0 0 0 0 0 0 0 0 0 0 0 0 0 0 0 0 0 0 0 0 0 0 0 0 0 0 0 0 0 0 0 0 0 0 0 0 0 0 0 0 0 0 0 0 0 0 0 0 0 0 0 0 0 0 0 0 0 0 0 0 0 0
ctxt 62891534
btime 1600744687
processes 55685
procs_running 1
procs_blocked 0
softirq 29949143 5 10360955 34795 5523401 357246 0 14014 8398646 0 5260081
