cpu  1583059 3720 63580 271087143 2275 0 10120 0 0 0
cpu0 117742 141 4336 16921600 41 0 5287 0 0 0
cpu1 110337 0 3848 16930446 1363 0 1566 0 0 0
cpu2 106531 0 3850 16935883 105 0 613 0 0 0
cpu3 105133 0 4426 16935532 89 0 584 0 0 0
cpu4 101740 520 4056 16939512 63 0 209 0 0 0
cpu5 98927 279 3728 16943073 57 0 237 0 0 0
cpu6 96660 339 3878 16945910 65 0 52 0 0 0
cpu7 98138 0 4038 16943861 50 0 197 0 0 0
cpu8 94563 0 4064 16947417 80 0 358 0 0 0
cpu9 97612 666 3436 16945079 49 0 234 0 0 0
cpu10 95114 811 4094 16946349 38 0 213 0 0 0
cpu11 93321 0 3817 16949884 26 0 18 0 0 0
cpu12 93426 334 4098 16947690 129 0 190 0 0 0
cpu13 91430 0 3835 16950942 40 0 8 0 0 0
cpu14 91060 625 3904 16951689 37 0 316 0 0 0
cpu15 91322 1 4167 16952269 35 0 32 0 0 0
intr 36493079 33 0 0 0 0 0 0 0 1 1 0 0 0 0 0 0 0 0 50 0 0 0 0 0 0 0 0 0 0 0 0 2 2 2 2 38 361939 1 764459 624801 585450 887166 624813 527660 879043 548392 0 0 0 0 0 0 0 0 0 9 0 0 9 0 0 16 37 2 3 0 12 0 20 16 0 0 0 0 0 0 0 0 0 0 0 0 0 0 0 0 0 0 0 0 0 0 0 0 0 0 0 0 0 0 0 0 0 0 0 119 0 0 0 0 0 0 0 0 0 0 0 0 0 0 0 0 0 0 0 0 0 0 0 0 0 0 0 0 0 0 0 0 0 0 0 0 0 0 0 0 0 0 0 0 0 0 0 0 0 0 0 0 0 0 0 0 0 0 0 0 0 0 0 0 0 0 0 0 0 0 0 0 0 0 0 0 0 0 0 0 0 0 0 0 0 0 0 0 0 0 0 0 0 0 0 0 0 0 0 0 0 0 0 0 0 0 0 0 0 0 0 0 0 0 0 0 0 0 0 0 0 0 0 0 0 0 0 0 0 0 0 0 0 0 0 0 0 0 0 0 0 0 0 0 0 0 0 0 0 0 0 0 0 0 0 0 0 0 0 0 0 0 0 0 0 0 0 0 0 0 0 0 0 0 0 0 0 0 0 0 0 0 0 0 0 0 0 0 0 0 0 0 0 0 0 0 0 0 0 0 0 0 0 0 0 0 0 0 0 0 0 0 0 0 0 0 0 0 0 0 0 0 0 0 0 0 0 0 0 0 0 0 0 0 0 0 0 0 0 0 0 0 0 0 0 0 0 0 0 0 0 0 0 0 0 0 0 0 0 0 0 0 0 0 0 0 0 0 0 0 0 0 0 0 0 0 0 0 0 0 0 0 0 0 0 0 0 0 0 0 0 0 0 0 0 0 0 0 0 0 0 0 0 0 0 0 0 0 0 0 0 0 0 0 0 0 0 0 0 0 0 0 0 0 0 0 0 0 0 0 0 0 0 0 0 0 0 0 0 0 0 0 0 0 0 0 0 0 0 0 0 0 0 0 0 0 0 0 0 0 0 0 0 0 0 0 0 0 0 0 0 0 0 0 0 0 0 0 0 0 0 0 0 0 0 0 0 0 0 0 0 0 0 0 0 0 0 0 0 0 0 0 0 0 0 0 0 0 0 0 0 0 0 0 0 0 0 0 0 0 0 0 0 0 0 0 0 0 0 0 0 0 0 0 0 0 0 0 0 0 0 0 0 0 0 0
ctxt 62867940
btime 1600744687
processes 55177
procs_running 1
procs_blocked 0
softirq 29898761 5 10344504 34793 5511995 356841 0 14000 8384852 0 5251771
