cpu  1749038 3720 66872 272567364 2291 0 12420 0 0 0
cpu0 128541 141 4576 17013633 42 0 6613 0 0 0
cpu1 120626 0 4028 17023056 1373 0 2049 0 0 0
cpu2 116798 0 4030 17028527 107 0 778 0 0 0
cpu3 115362 0 4604 17028217 90 0 675 0 0 0
cpu4 111967 520 4222 17032236 63 0 240 0 0 0
cpu5 109219 279 3930 17035674 58 0 263 0 0 0
cpu6 106999 339 4061 17038498 65 0 58 0 0 0
cpu7 108593 0 4270 17036246 50 0 251 0 0 0
cpu8 105217 0 4303 17039623 81 0 378 0 0 0
cpu9 107880 666 3631 17037691 49 0 262 0 0 0
cpu10 105652 811 4343 17038648 38 0 239 0 0 0
cpu11 103639 0 4027 17042464 26 0 18 0 0 0
cpu12 103614 334 4306 17040366 129 0 209 0 0 0
cpu13 101502 0 4010 17043809 40 0 8 0 0 0
cpu14 101344 625 4114 17044281 37 0 340 0 0 0
cpu15 102081 1 4412 17044389 36 0 32 0 0 0
intr 37744862 33 0 0 0 0 0 0 0 1 1 0 0 0 0 0 0 0 0 50 0 0 0 0 0 0 0 0 0 0 0 0 2 2 2 2 38 367144 1 806915 684978 674699 917225 658906 586153 920213 599609 0 0 0 0 0 0 0 0 0 9 0 0 9 0 0 16 37 2 3 0 12 0 20 16 0 0 0 0 0 0 0 0 0 0 0 0 0 0 0 0 0 0 0 0 0 0 0 0 0 0 0 0 0 0 0 0 0 0 0 119 0 0 0 0 0 0 0 0 0 0 0 0 0 0 0 0 0 0 0 0 0 0 0 0 0 0 0 0 0 0 0 0 0 0 0 0 0 0 0 0 0 0 0 0 0 0 0 0 0 0 0 0 0 0 0 0 0 0 0 0 0 0 0 0 0 0 0 0 0 0 0 0 0 0 0 0 0 0 0 0 0 0 0 0 0 0 0 0 0 0 0 0 0 0 0 0 0 0 0 0 0 0 0 0 0 0 0 0 0 0 0 0 0 0 0 0 0 0 0 0 0 0 0 0 0 0 0 0 0 0 0 0 0 0 0 0 0 0 0 0 0 0 0 0 0 0 0 0 0 0 0 0 0 0 0 0 0 0 0 0 0 0 0 0 0 0 0 0 0 0 0 0 0 0 0 0 0 0 0 0 0 0 0 0 0 0 0 0 0 0 0 0 0 0 0 0 0 0 0 0 0 0 0 0 0 0 0 0 0 0 0 0 0 0 0 0 0 0 0 0 0 0 0 0 0 0 0 0 0 0 0 0 0 0 0 0 0 0 0 0 0 0 0 0 0 0 0 0 0 0 0 0 0 0 0 0 0 0 0 0 0 0 0 0 0 0 0 0 0 0 0 0 0 0 0 0 0 0 0 0 0 0 0 0 0 0 0 0 0 0 0 0 0 0 0 0 0 0 0 0 0 0 0 0 0 0 0 0 0 0 0 0 0 0 0 0 0 0 0 0 0 0 0 0 0 0 0 0 0 0 0 0 0 0 0 0 0 0 0 0 0 0 0 0 0 0 0 0 0 0 0 0 0 0 0 0 0 0 0 0 0 0 0 0 0 0 0 0 0 0 0 0 0 0 0 0 0 0 0 0 0 0 0 0 0 0 0 0 0 0 0 0 0 0 0 0 0 0 0 0 0 0 0 0 0 0 0 0 0 0 0 0 0 0 0 0 0 0 0 0 0 0 0 0 0 0 0 0 0 0 0 0 0 0 0 0 0 0 0 0 0 0 0 0 0 0
ctxt 63598567
btime 1600744687
processes 71554
procs_running 1
procs_blocked 0
softirq 31560006 5 10977240 34999 5918909 361979 0 14976 8698340 0 5553558
