cpu  1574448 3720 63243 271019741 2273 0 9808 0 0 0
cpu0 117247 141 4321 16917341 41 0 5082 0 0 0
cpu1 109846 0 3828 16926185 1362 0 1496 0 0 0
cpu2 106065 0 3828 16931595 105 0 596 0 0 0
cpu3 104762 0 4404 16931163 89 0 572 0 0 0
cpu4 101270 520 4036 16935231 63 0 207 0 0 0
cpu5 98232 279 3687 16939030 57 0 237 0 0 0
cpu6 96078 339 3859 16941733 65 0 52 0 0 0
cpu7 97601 0 4015 16939646 50 0 196 0 0 0
cpu8 93999 0 4049 16943222 80 0 358 0 0 0
cpu9 97144 666 3418 16940797 49 0 234 0 0 0
cpu10 94552 811 4074 16942167 38 0 211 0 0 0
cpu11 92728 0 3802 16945721 26 0 18 0 0 0
cpu12 92883 334 4079 16943485 129 0 190 0 0 0
cpu13 90807 0 3808 16946814 40 0 8 0 0 0
cpu14 90519 625 3886 16947474 37 0 316 0 0 0
cpu15 90708 1 4143 16948130 35 0 32 0 0 0
intr 36394519 33 0 0 0 0 0 0 0 1 1 0 0 0 0 0 0 0 0 50 0 0 0 0 0 0 0 0 0 0 0 0 2 2 2 2 38 361259 1 760412 622801 575842 879553 624616 521819 878924 548222 0 0 0 0 0 0 0 0 0 9 0 0 9 0 0 16 37 2 3 0 12 0 20 16 0 0 0 0 0 0 0 0 0 0 0 0 0 0 0 0 0 0 0 0 0 0 0 0 0 0 0 0 0 0 0 0 0 0 0 119 0 0 0 0 0 0 0 0 0 0 0 0 0 0 0 0 0 0 0 0 0 0 0 0 0 0 0 0 0 0 0 0 0 0 0 0 0 0 0 0 0 0 0 0 0 0 0 0 0 0 0 0 0 0 0 0 0 0 0 0 0 0 0 0 0 0 0 0 0 0 0 0 0 0 0 0 0 0 0 0 0 0 0 0 0 0 0 0 0 0 0 0 0 0 0 0 0 0 0 0 0 0 0 0 0 0 0 0 0 0 0 0 0 0 0 0 0 0 0 0 0 0 0 0 0 0 0 0 0 0 0 0 0 0 0 0 0 0 0 0 0 0 0 0 0 0 0 0 0 0 0 0 0 0 0 0 0 0 0 0 0 0 0 0 0 0 0 0 0 0 0 0 0 0 0 0 0 0 0 0 0 0 0 0 0 0 0 0 0 0 0 0 0 0 0 0 0 0 0 0 0 0 0 0 0 0 0 0 0 0 0 0 0 0 0 0 0 0 0 0 0 0 0 0 0 0 0 0 0 0 0 0 0 0 0 0 0 0 0 0 0 0 0 0 0 0 0 0 0 0 0 0 0 0 0 0 0 0 0 0 0 0 0 0 0 0 0 0 0 0 0 0 0 0 0 0 0 0 0 0 0 0 0 0 0 0 0 0 0 0 0 0 0 0 0 0 0 0 0 0 0 0 0 0 0 0 0 0 0 0 0 0 0 0 0 0 0 0 0 0 0 0 0 0 0 0 0 0 0 0 0 0 0 0 0 0 0 0 0 0 0 0 0 0 0 0 0 0 0 0 0 0 0 0 0 0 0 0 0 0 0 0 0 0 0 0 0 0 0 0 0 0 0 0 0 0 0 0 0 0 0 0 0 0 0 0 0 0 0 0 0 0 0 0 0 0 0 0 0 0 0 0 0 0 0 0 0 0 0 0 0 0 0 0 0 0 0 0 0 0 0 0 0 0 0 0 0 0 0 0 0 0 0 0 0 0 0 0 0 0 0 0 0 0 0 0
ctxt 62797159
btime 1600744687
processes 53326
procs_running 1
procs_blocked 0
softirq 29738969 5 10293007 34784 5482400 356175 0 13960 8337726 0 5220912
