cpu  1686725 3720 66175 272398772 2288 0 11985 0 0 0
cpu0 124597 141 4538 17003145 42 0 6369 0 0 0
cpu1 116747 0 3994 17012491 1371 0 1964 0 0 0
cpu2 112906 0 3992 17017983 107 0 759 0 0 0
cpu3 111480 0 4558 17017666 90 0 660 0 0 0
cpu4 108078 520 4186 17021683 63 0 238 0 0 0
cpu5 105376 279 3892 17025079 58 0 256 0 0 0
cpu6 103119 339 4024 17027935 65 0 57 0 0 0
cpu7 104778 0 4234 17025641 50 0 222 0 0 0
cpu8 101283 0 4257 17029126 81 0 376 0 0 0
cpu9 104006 666 3597 17027116 49 0 259 0 0 0
cpu10 101755 811 4289 17028132 38 0 226 0 0 0
cpu11 99679 0 3978 17031992 26 0 18 0 0 0
cpu12 99745 334 4232 17029837 129 0 201 0 0 0
cpu13 97646 0 3962 17033236 40 0 8 0 0 0
cpu14 97387 625 4072 17033802 37 0 334 0 0 0
cpu15 98136 1 4364 17033900 36 0 32 0 0 0
intr 37364589 33 0 0 0 0 0 0 0 1 1 0 0 0 0 0 0 0 0 50 0 0 0 0 0 0 0 0 0 0 0 0 2 2 2 2 38 366400 1 800003 665964 617858 914251 655981 565111 900722 580538 0 0 0 0 0 0 0 0 0 9 0 0 9 0 0 16 37 2 3 0 12 0 20 16 0 0 0 0 0 0 0 0 0 0 0 0 0 0 0 0 0 0 0 0 0 0 0 0 0 0 0 0 0 0 0 0 0 0 0 119 0 0 0 0 0 0 0 0 0 0 0 0 0 0 0 0 0 0 0 0 0 0 0 0 0 0 0 0 0 0 0 0 0 0 0 0 0 0 0 0 0 0 0 0 0 0 0 0 0 0 0 0 0 0 0 0 0 0 0 0 0 0 0 0 0 0 0 0 0 0 0 0 0 0 0 0 0 0 0 0 0 0 0 0 0 0 0 0 0 0 0 0 0 0 0 0 0 0 0 0 0 0 0 0 0 0 0 0 0 0 0 0 0 0 0 0 0 0 0 0 0 0 0 0 0 0 0 0 0 0 0 0 0 0 0 0 0 0 0 0 0 0 0 0 0 0 0 0 0 0 0 0 0 0 0 0 0 0 0 0 0 0 0 0 0 0 0 0 0 0 0 0 0 0 0 0 0 0 0 0 0 0 0 0 0 0 0 0 0 0 0 0 0 0 0 0 0 0 0 0 0 0 0 0 0 0 0 0 0 0 0 0 0 0 0 0 0 0 0 0 0 0 0 0 0 0 0 0 0 0 0 0 0 0 0 0 0 0 0 0 0 0 0 0 0 0 0 0 0 0 0 0 0 0 0 0 0 0 0 0 0 0 0 0 0 0 0 0 0 0 0 0 0 0 0 0 0 0 0 0 0 0 0 0 0 0 0 0 0 0 0 0 0 0 0 0 0 0 0 0 0 0 0 0 0 0 0 0 0 0 0 0 0 0 0 0 0 0 0 0 0 0 0 0 0 0 0 0 0 0 0 0 0 0 0 0 0 0 0 0 0 0 0 0 0 0 0 0 0 0 0 0 0 0 0 0 0 0 0 0 0 0 0 0 0 0 0 0 0 0 0 0 0 0 0 0 0 0 0 0 0 0 0 0 0 0 0 0 0 0 0 0 0 0 0 0 0 0 0 0 0 0 0 0 0 0 0 0 0 0 0 0 0 0 0 0 0 0 0 0 0 0 0 0 0 0 0 0 0 0 0 0 0 0 0 0 0 0 0 0 0 0 0 0 0 0
ctxt 63435558
btime 1600744687
processes 68690
procs_running 1
procs_blocked 0
softirq 31109960 5 10790731 34970 5770639 361239 0 14636 8643779 0 5493961
