cpu  1791744 3720 67255 272590918 2291 0 12668 0 0 0
cpu0 131243 141 4605 17015069 42 0 6763 0 0 0
cpu1 123320 0 4051 17024507 1373 0 2083 0 0 0
cpu2 119554 0 4062 17029906 107 0 785 0 0 0
cpu3 117962 0 4620 17029747 90 0 698 0 0 0
cpu4 114634 520 4242 17033716 63 0 242 0 0 0
cpu5 111850 279 3961 17037181 58 0 263 0 0 0
cpu6 109661 339 4083 17039984 65 0 58 0 0 0
cpu7 111264 0 4305 17037683 50 0 270 0 0 0
cpu8 107840 0 4318 17041150 81 0 383 0 0 0
cpu9 110591 666 3658 17039127 49 0 262 0 0 0
cpu10 108329 811 4371 17040109 38 0 246 0 0 0
cpu11 106328 0 4057 17043914 26 0 18 0 0 0
cpu12 106270 334 4333 17041850 129 0 210 0 0 0
cpu13 104182 0 4027 17045281 40 0 8 0 0 0
cpu14 103987 625 4131 17045788 37 0 340 0 0 0
cpu15 104724 1 4426 17045900 36 0 32 0 0 0
intr 37991879 33 0 0 0 0 0 0 0 1 1 0 0 0 0 0 0 0 0 50 0 0 0 0 0 0 0 0 0 0 0 0 2 2 2 2 38 367504 1 807094 685106 705996 960180 659012 592776 920572 618382 0 0 0 0 0 0 0 0 0 9 0 0 9 0 0 16 37 2 3 0 12 0 20 16 0 0 0 0 0 0 0 0 0 0 0 0 0 0 0 0 0 0 0 0 0 0 0 0 0 0 0 0 0 0 0 0 0 0 0 119 0 0 0 0 0 0 0 0 0 0 0 0 0 0 0 0 0 0 0 0 0 0 0 0 0 0 0 0 0 0 0 0 0 0 0 0 0 0 0 0 0 0 0 0 0 0 0 0 0 0 0 0 0 0 0 0 0 0 0 0 0 0 0 0 0 0 0 0 0 0 0 0 0 0 0 0 0 0 0 0 0 0 0 0 0 0 0 0 0 0 0 0 0 0 0 0 0 0 0 0 0 0 0 0 0 0 0 0 0 0 0 0 0 0 0 0 0 0 0 0 0 0 0 0 0 0 0 0 0 0 0 0 0 0 0 0 0 0 0 0 0 0 0 0 0 0 0 0 0 0 0 0 0 0 0 0 0 0 0 0 0 0 0 0 0 0 0 0 0 0 0 0 0 0 0 0 0 0 0 0 0 0 0 0 0 0 0 0 0 0 0 0 0 0 0 0 0 0 0 0 0 0 0 0 0 0 0 0 0 0 0 0 0 0 0 0 0 0 0 0 0 0 0 0 0 0 0 0 0 0 0 0 0 0 0 0 0 0 0 0 0 0 0 0 0 0 0 0 0 0 0 0 0 0 0 0 0 0 0 0 0 0 0 0 0 0 0 0 0 0 0 0 0 0 0 0 0 0 0 0 0 0 0 0 0 0 0 0 0 0 0 0 0 0 0 0 0 0 0 0 0 0 0 0 0 0 0 0 0 0 0 0 0 0 0 0 0 0 0 0 0 0 0 0 0 0 0 0 0 0 0 0 0 0 0 0 0 0 0 0 0 0 0 0 0 0 0 0 0 0 0 0 0 0 0 0 0 0 0 0 0 0 0 0 0 0 0 0 0 0 0 0 0 0 0 0 0 0 0 0 0 0 0 0 0 0 0 0 0 0 0 0 0 0 0 0 0 0 0 0 0 0 0 0 0 0 0 0 0 0 0 0 0 0 0 0 0 0 0 0 0 0 0 0 0 0 0 0 0 0 0 0 0 0 0 0 0 0 0 0 0 0 0 0 0 0
ctxt 63687936
btime 1600744687
processes 73067
procs_running 1
procs_blocked 0
softirq 31844310 5 11099153 35007 6019329 362336 0 15202 8729210 0 5584068
