cpu  1584853 3720 63644 271095218 2276 0 10170 0 0 0
cpu0 117831 141 4338 16922129 42 0 5325 0 0 0
cpu1 110434 0 3849 16930968 1364 0 1573 0 0 0
cpu2 106670 0 3856 16936355 105 0 613 0 0 0
cpu3 105232 0 4429 16936050 89 0 585 0 0 0
cpu4 101786 520 4059 16940084 63 0 210 0 0 0
cpu5 99036 279 3730 16943575 57 0 238 0 0 0
cpu6 96800 339 3886 16946384 65 0 52 0 0 0
cpu7 98282 0 4043 16944335 50 0 198 0 0 0
cpu8 94697 0 4069 16947904 80 0 358 0 0 0
cpu9 97730 666 3440 16945577 49 0 234 0 0 0
cpu10 95225 811 4097 16946857 38 0 213 0 0 0
cpu11 93429 0 3820 16950393 26 0 18 0 0 0
cpu12 93538 334 4100 16948197 129 0 190 0 0 0
cpu13 91544 0 3837 16951448 40 0 8 0 0 0
cpu14 91181 625 3910 16952181 37 0 316 0 0 0
cpu15 91434 1 4174 16952775 35 0 32 0 0 0
intr 36512012 33 0 0 0 0 0 0 0 1 1 0 0 0 0 0 0 0 0 50 0 0 0 0 0 0 0 0 0 0 0 0 2 2 2 2 38 362342 1 764520 624823 589376 887207 626498 527699 879046 548395 0 0 0 0 0 0 0 0 0 9 0 0 9 0 0 16 37 2 3 0 12 0 20 16 0 0 0 0 0 0 0 0 0 0 0 0 0 0 0 0 0 0 0 0 0 0 0 0 0 0 0 0 0 0 0 0 0 0 0 119 0 0 0 0 0 0 0 0 0 0 0 0 0 0 0 0 0 0 0 0 0 0 0 0 0 0 0 0 0 0 0 0 0 0 0 0 0 0 0 0 0 0 0 0 0 0 0 0 0 0 0 0 0 0 0 0 0 0 0 0 0 0 0 0 0 0 0 0 0 0 0 0 0 0 0 0 0 0 0 0 0 0 0 0 0 0 0 0 0 0 0 0 0 0 0 0 0 0 0 0 0 0 0 0 0 0 0 0 0 0 0 0 0 0 0 0 0 0 0 0 0 0 0 0 0 0 0 0 0 0 0 0 0 0 0 0 0 0 0 0 0 0 0 0 0 0 0 0 0 0 0 0 0 0 0 0 0 0 0 0 0 0 0 0 0 0 0 0 0 0 0 0 0 0 0 0 0 0 0 0 0 0 0 0 0 0 0 0 0 0 0 0 0 0 0 0 0 0 0 0 0 0 0 0 0 0 0 0 0 0 0 0 0 0 0 0 0 0 0 0 0 0 0 0 0 0 0 0 0 0 0 0 0 0 0 0 0 0 0 0 0 0 0 0 0 0 0 0 0 0 0 0 0 0 0 0 0 0 0 0 0 0 0 0 0 0 0 0 0 0 0 0 0 0 0 0 0 0 0 0 0 0 0 0 0 0 0 0 0 0 0 0 0 0 0 0 0 0 0 0 0 0 0 0 0 0 0 0 0 0 0 0 0 0 0 0 0 0 0 0 0 0 0 0 0 0 0 0 0 0 0 0 0 0 0 0 0 0 0 0 0 0 0 0 0 0 0 0 0 0 0 0 0 0 0 0 0 0 0 0 0 0 0 0 0 0 0 0 0 0 0 0 0 0 0 0 0 0 0 0 0 0 0 0 0 0 0 0 0 0 0 0 0 0 0 0 0 0 0 0 0 0 0 0 0 0 0 0 0 0 0 0 0 0 0 0 0 0 0 0 0 0 0 0 0 0 0 0 0 0 0 0 0 0 0 0 0 0 0 0 0 0 0 0 0 0
ctxt 62881325
btime 1600744687
processes 55517
procs_running 1
procs_blocked 0
softirq 29928227 5 10354040 34795 5517775 357242 0 14009 8393180 0 5257181
