cpu  1738489 3720 66812 272565081 2291 0 12396 0 0 0
cpu0 127889 141 4573 17013483 42 0 6605 0 0 0
cpu1 119972 0 4026 17022907 1373 0 2042 0 0 0
cpu2 116144 0 4029 17028378 107 0 778 0 0 0
cpu3 114707 0 4600 17028068 90 0 674 0 0 0
cpu4 111278 520 4218 17032123 63 0 240 0 0 0
cpu5 108566 279 3924 17035526 58 0 263 0 0 0
cpu6 106345 339 4059 17038350 65 0 58 0 0 0
cpu7 107942 0 4268 17036095 50 0 250 0 0 0
cpu8 104553 0 4300 17039483 81 0 378 0 0 0
cpu9 107222 666 3626 17037546 49 0 262 0 0 0
cpu10 105004 811 4336 17038503 38 0 233 0 0 0
cpu11 102986 0 4024 17042315 26 0 18 0 0 0
cpu12 102928 334 4298 17040253 129 0 209 0 0 0
cpu13 100845 0 4006 17043662 40 0 8 0 0 0
cpu14 100683 625 4112 17044137 37 0 340 0 0 0
cpu15 101420 1 4409 17044246 36 0 32 0 0 0
intr 37687673 33 0 0 0 0 0 0 0 1 1 0 0 0 0 0 0 0 0 50 0 0 0 0 0 0 0 0 0 0 0 0 2 2 2 2 38 367140 1 806905 684970 656127 917202 658901 579780 920052 599605 0 0 0 0 0 0 0 0 0 9 0 0 9 0 0 16 37 2 3 0 12 0 20 16 0 0 0 0 0 0 0 0 0 0 0 0 0 0 0 0 0 0 0 0 0 0 0 0 0 0 0 0 0 0 0 0 0 0 0 119 0 0 0 0 0 0 0 0 0 0 0 0 0 0 0 0 0 0 0 0 0 0 0 0 0 0 0 0 0 0 0 0 0 0 0 0 0 0 0 0 0 0 0 0 0 0 0 0 0 0 0 0 0 0 0 0 0 0 0 0 0 0 0 0 0 0 0 0 0 0 0 0 0 0 0 0 0 0 0 0 0 0 0 0 0 0 0 0 0 0 0 0 0 0 0 0 0 0 0 0 0 0 0 0 0 0 0 0 0 0 0 0 0 0 0 0 0 0 0 0 0 0 0 0 0 0 0 0 0 0 0 0 0 0 0 0 0 0 0 0 0 0 0 0 0 0 0 0 0 0 0 0 0 0 0 0 0 0 0 0 0 0 0 0 0 0 0 0 0 0 0 0 0 0 0 0 0 0 0 0 0 0 0 0 0 0 0 0 0 0 0 0 0 0 0 0 0 0 0 0 0 0 0 0 0 0 0 0 0 0 0 0 0 0 0 0 0 0 0 0 0 0 0 0 0 0 0 0 0 0 0 0 0 0 0 0 0 0 0 0 0 0 0 0 0 0 0 0 0 0 0 0 0 0 0 0 0 0 0 0 0 0 0 0 0 0 0 0 0 0 0 0 0 0 0 0 0 0 0 0 0 0 0 0 0 0 0 0 0 0 0 0 0 0 0 0 0 0 0 0 0 0 0 0 0 0 0 0 0 0 0 0 0 0 0 0 0 0 0 0 0 0 0 0 0 0 0 0 0 0 0 0 0 0 0 0 0 0 0 0 0 0 0 0 0 0 0 0 0 0 0 0 0 0 0 0 0 0 0 0 0 0 0 0 0 0 0 0 0 0 0 0 0 0 0 0 0 0 0 0 0 0 0 0 0 0 0 0 0 0 0 0 0 0 0 0 0 0 0 0 0 0 0 0 0 0 0 0 0 0 0 0 0 0 0 0 0 0 0 0 0 0 0 0 0 0 0 0 0 0 0 0 0 0 0 0 0 0 0 0 0 0 0 0 0 0
ctxt 63579343
btime 1600744687
processes 71386
procs_running 1
procs_blocked 0
softirq 31499917 5 10950410 34997 5893753 361975 0 14915 8694379 0 5549483
