cpu  1664854 3720 65830 272373532 2287 0 11760 0 0 0
cpu0 123187 141 4517 17001609 42 0 6251 0 0 0
cpu1 115415 0 3974 17010878 1371 0 1910 0 0 0
cpu2 111545 0 3974 17016396 106 0 740 0 0 0
cpu3 110126 0 4532 17016083 90 0 653 0 0 0
cpu4 106697 520 4163 17020121 63 0 234 0 0 0
cpu5 103989 279 3865 17023527 58 0 250 0 0 0
cpu6 101784 339 4006 17026322 65 0 56 0 0 0
cpu7 103401 0 4216 17024068 50 0 222 0 0 0
cpu8 99881 0 4226 17027595 81 0 372 0 0 0
cpu9 102698 666 3584 17025474 49 0 256 0 0 0
cpu10 100323 811 4259 17026622 38 0 223 0 0 0
cpu11 98323 0 3958 17030399 26 0 18 0 0 0
cpu12 98402 334 4211 17028239 129 0 199 0 0 0
cpu13 96296 0 3948 17031633 40 0 8 0 0 0
cpu14 96069 625 4056 17032174 37 0 329 0 0 0
cpu15 96712 1 4336 17032385 36 0 32 0 0 0
intr 37219827 33 0 0 0 0 0 0 0 1 1 0 0 0 0 0 0 0 0 50 0 0 0 0 0 0 0 0 0 0 0 0 2 2 2 2 38 365754 1 792400 662988 617789 903955 645738 549962 897726 577646 0 0 0 0 0 0 0 0 0 9 0 0 9 0 0 16 37 2 3 0 12 0 20 16 0 0 0 0 0 0 0 0 0 0 0 0 0 0 0 0 0 0 0 0 0 0 0 0 0 0 0 0 0 0 0 0 0 0 0 119 0 0 0 0 0 0 0 0 0 0 0 0 0 0 0 0 0 0 0 0 0 0 0 0 0 0 0 0 0 0 0 0 0 0 0 0 0 0 0 0 0 0 0 0 0 0 0 0 0 0 0 0 0 0 0 0 0 0 0 0 0 0 0 0 0 0 0 0 0 0 0 0 0 0 0 0 0 0 0 0 0 0 0 0 0 0 0 0 0 0 0 0 0 0 0 0 0 0 0 0 0 0 0 0 0 0 0 0 0 0 0 0 0 0 0 0 0 0 0 0 0 0 0 0 0 0 0 0 0 0 0 0 0 0 0 0 0 0 0 0 0 0 0 0 0 0 0 0 0 0 0 0 0 0 0 0 0 0 0 0 0 0 0 0 0 0 0 0 0 0 0 0 0 0 0 0 0 0 0 0 0 0 0 0 0 0 0 0 0 0 0 0 0 0 0 0 0 0 0 0 0 0 0 0 0 0 0 0 0 0 0 0 0 0 0 0 0 0 0 0 0 0 0 0 0 0 0 0 0 0 0 0 0 0 0 0 0 0 0 0 0 0 0 0 0 0 0 0 0 0 0 0 0 0 0 0 0 0 0 0 0 0 0 0 0 0 0 0 0 0 0 0 0 0 0 0 0 0 0 0 0 0 0 0 0 0 0 0 0 0 0 0 0 0 0 0 0 0 0 0 0 0 0 0 0 0 0 0 0 0 0 0 0 0 0 0 0 0 0 0 0 0 0 0 0 0 0 0 0 0 0 0 0 0 0 0 0 0 0 0 0 0 0 0 0 0 0 0 0 0 0 0 0 0 0 0 0 0 0 0 0 0 0 0 0 0 0 0 0 0 0 0 0 0 0 0 0 0 0 0 0 0 0 0 0 0 0 0 0 0 0 0 0 0 0 0 0 0 0 0 0 0 0 0 0 0 0 0 0 0 0 0 0 0 0 0 0 0 0 0 0 0 0 0 0 0 0 0 0 0 0 0 0 0 0 0 0 0 0 0 0 0 0 0 0 0
ctxt 63371511
btime 1600744687
processes 67005
procs_running 1
procs_blocked 0
softirq 30922483 5 10716202 34964 5718415 360597 0 14535 8614877 0 5462888
