cpu  1629647 3720 65222 272306800 2286 0 11322 0 0 0
cpu0 120809 141 4456 16997644 42 0 6033 0 0 0
cpu1 113234 0 3948 17006685 1370 0 1779 0 0 0
cpu2 109414 0 3945 17012140 106 0 714 0 0 0
cpu3 107972 0 4500 17011863 90 0 634 0 0 0
cpu4 104427 520 4121 17016017 63 0 228 0 0 0
cpu5 101784 279 3828 17019349 58 0 249 0 0 0
cpu6 99493 339 3959 17022249 65 0 54 0 0 0
cpu7 101203 0 4166 17019916 50 0 209 0 0 0
cpu8 97715 0 4196 17023386 81 0 370 0 0 0
cpu9 100470 666 3540 17021340 49 0 248 0 0 0
cpu10 98177 811 4228 17022390 38 0 220 0 0 0
cpu11 96180 0 3918 17026165 26 0 18 0 0 0
cpu12 96275 334 4172 17023996 129 0 196 0 0 0
cpu13 94174 0 3924 17027370 40 0 8 0 0 0
cpu14 93937 625 4030 17027922 37 0 324 0 0 0
cpu15 94378 1 4283 17028361 35 0 32 0 0 0
intr 36977643 33 0 0 0 0 0 0 0 1 1 0 0 0 0 0 0 0 0 50 0 0 0 0 0 0 0 0 0 0 0 0 2 2 2 2 38 364838 1 781739 645366 601220 893406 638168 541997 886720 574462 0 0 0 0 0 0 0 0 0 9 0 0 9 0 0 16 37 2 3 0 12 0 20 16 0 0 0 0 0 0 0 0 0 0 0 0 0 0 0 0 0 0 0 0 0 0 0 0 0 0 0 0 0 0 0 0 0 0 0 119 0 0 0 0 0 0 0 0 0 0 0 0 0 0 0 0 0 0 0 0 0 0 0 0 0 0 0 0 0 0 0 0 0 0 0 0 0 0 0 0 0 0 0 0 0 0 0 0 0 0 0 0 0 0 0 0 0 0 0 0 0 0 0 0 0 0 0 0 0 0 0 0 0 0 0 0 0 0 0 0 0 0 0 0 0 0 0 0 0 0 0 0 0 0 0 0 0 0 0 0 0 0 0 0 0 0 0 0 0 0 0 0 0 0 0 0 0 0 0 0 0 0 0 0 0 0 0 0 0 0 0 0 0 0 0 0 0 0 0 0 0 0 0 0 0 0 0 0 0 0 0 0 0 0 0 0 0 0 0 0 0 0 0 0 0 0 0 0 0 0 0 0 0 0 0 0 0 0 0 0 0 0 0 0 0 0 0 0 0 0 0 0 0 0 0 0 0 0 0 0 0 0 0 0 0 0 0 0 0 0 0 0 0 0 0 0 0 0 0 0 0 0 0 0 0 0 0 0 0 0 0 0 0 0 0 0 0 0 0 0 0 0 0 0 0 0 0 0 0 0 0 0 0 0 0 0 0 0 0 0 0 0 0 0 0 0 0 0 0 0 0 0 0 0 0 0 0 0 0 0 0 0 0 0 0 0 0 0 0 0 0 0 0 0 0 0 0 0 0 0 0 0 0 0 0 0 0 0 0 0 0 0 0 0 0 0 0 0 0 0 0 0 0 0 0 0 0 0 0 0 0 0 0 0 0 0 0 0 0 0 0 0 0 0 0 0 0 0 0 0 0 0 0 0 0 0 0 0 0 0 0 0 0 0 0 0 0 0 0 0 0 0 0 0 0 0 0 0 0 0 0 0 0 0 0 0 0 0 0 0 0 0 0 0 0 0 0 0 0 0 0 0 0 0 0 0 0 0 0 0 0 0 0 0 0 0 0 0 0 0 0 0 0 0 0 0 0 0 0 0 0 0 0 0 0 0 0 0 0 0 0 0 0 0 0 0
ctxt 63253662
btime 1600744687
processes 63979
procs_running 1
procs_blocked 0
softirq 30602257 5 10591834 34950 5633289 359686 0 14322 8561761 0 5406410
