cpu  1634009 3720 65292 272311800 2286 0 11373 0 0 0
cpu0 121104 141 4466 16997928 42 0 6051 0 0 0
cpu1 113500 0 3950 17007005 1370 0 1792 0 0 0
cpu2 109681 0 3948 17012461 106 0 719 0 0 0
cpu3 108232 0 4504 17012189 90 0 640 0 0 0
cpu4 104692 520 4124 17016338 63 0 230 0 0 0
cpu5 102054 279 3832 17019667 58 0 249 0 0 0
cpu6 99829 339 3975 17022488 65 0 54 0 0 0
cpu7 101458 0 4172 17020241 50 0 213 0 0 0
cpu8 97976 0 4198 17023710 81 0 370 0 0 0
cpu9 100735 666 3543 17021662 49 0 248 0 0 0
cpu10 98444 811 4229 17022708 38 0 223 0 0 0
cpu11 96445 0 3922 17026486 26 0 18 0 0 0
cpu12 96536 334 4174 17024323 129 0 196 0 0 0
cpu13 94443 0 3928 17027688 40 0 8 0 0 0
cpu14 94198 625 4033 17028249 37 0 324 0 0 0
cpu15 94675 1 4289 17028648 35 0 32 0 0 0
intr 37006809 33 0 0 0 0 0 0 0 1 1 0 0 0 0 0 0 0 0 50 0 0 0 0 0 0 0 0 0 0 0 0 2 2 2 2 38 364843 1 781781 645424 604313 893409 638190 549491 886748 574470 0 0 0 0 0 0 0 0 0 9 0 0 9 0 0 16 37 2 3 0 12 0 20 16 0 0 0 0 0 0 0 0 0 0 0 0 0 0 0 0 0 0 0 0 0 0 0 0 0 0 0 0 0 0 0 0 0 0 0 119 0 0 0 0 0 0 0 0 0 0 0 0 0 0 0 0 0 0 0 0 0 0 0 0 0 0 0 0 0 0 0 0 0 0 0 0 0 0 0 0 0 0 0 0 0 0 0 0 0 0 0 0 0 0 0 0 0 0 0 0 0 0 0 0 0 0 0 0 0 0 0 0 0 0 0 0 0 0 0 0 0 0 0 0 0 0 0 0 0 0 0 0 0 0 0 0 0 0 0 0 0 0 0 0 0 0 0 0 0 0 0 0 0 0 0 0 0 0 0 0 0 0 0 0 0 0 0 0 0 0 0 0 0 0 0 0 0 0 0 0 0 0 0 0 0 0 0 0 0 0 0 0 0 0 0 0 0 0 0 0 0 0 0 0 0 0 0 0 0 0 0 0 0 0 0 0 0 0 0 0 0 0 0 0 0 0 0 0 0 0 0 0 0 0 0 0 0 0 0 0 0 0 0 0 0 0 0 0 0 0 0 0 0 0 0 0 0 0 0 0 0 0 0 0 0 0 0 0 0 0 0 0 0 0 0 0 0 0 0 0 0 0 0 0 0 0 0 0 0 0 0 0 0 0 0 0 0 0 0 0 0 0 0 0 0 0 0 0 0 0 0 0 0 0 0 0 0 0 0 0 0 0 0 0 0 0 0 0 0 0 0 0 0 0 0 0 0 0 0 0 0 0 0 0 0 0 0 0 0 0 0 0 0 0 0 0 0 0 0 0 0 0 0 0 0 0 0 0 0 0 0 0 0 0 0 0 0 0 0 0 0 0 0 0 0 0 0 0 0 0 0 0 0 0 0 0 0 0 0 0 0 0 0 0 0 0 0 0 0 0 0 0 0 0 0 0 0 0 0 0 0 0 0 0 0 0 0 0 0 0 0 0 0 0 0 0 0 0 0 0 0 0 0 0 0 0 0 0 0 0 0 0 0 0 0 0 0 0 0 0 0 0 0 0 0 0 0 0 0 0 0 0 0 0 0 0 0 0 0 0 0 0 0 0 0 0
ctxt 63267893
btime 1600744687
processes 64316
procs_running 1
procs_blocked 0
softirq 30639520 5 10605960 34951 5644037 359691 0 14345 8567879 0 5412652
