cpu  1577748 3720 63374 271053963 2274 0 9916 0 0 0
cpu0 117460 141 4327 16919478 41 0 5154 0 0 0
cpu1 110020 0 3835 16928354 1363 0 1521 0 0 0
cpu2 106200 0 3832 16933809 105 0 601 0 0 0
cpu3 104877 0 4414 16933385 89 0 573 0 0 0
cpu4 101397 520 4044 16937447 63 0 209 0 0 0
cpu5 98562 279 3707 16941040 57 0 237 0 0 0
cpu6 96318 339 3867 16943840 65 0 52 0 0 0
cpu7 97870 0 4026 16941723 50 0 196 0 0 0
cpu8 94191 0 4055 16945378 80 0 358 0 0 0
cpu9 97347 666 3426 16942938 49 0 234 0 0 0
cpu10 94759 811 4080 16944303 38 0 212 0 0 0
cpu11 92983 0 3810 16947810 26 0 18 0 0 0
cpu12 93111 334 4090 16945596 129 0 190 0 0 0
cpu13 91020 0 3815 16948951 40 0 8 0 0 0
cpu14 90703 625 3895 16949633 37 0 316 0 0 0
cpu15 90923 1 4147 16950271 35 0 32 0 0 0
intr 36433144 33 0 0 0 0 0 0 0 1 1 0 0 0 0 0 0 0 0 50 0 0 0 0 0 0 0 0 0 0 0 0 2 2 2 2 38 361602 1 760442 624634 575896 885380 624737 525861 878976 548272 0 0 0 0 0 0 0 0 0 9 0 0 9 0 0 16 37 2 3 0 12 0 20 16 0 0 0 0 0 0 0 0 0 0 0 0 0 0 0 0 0 0 0 0 0 0 0 0 0 0 0 0 0 0 0 0 0 0 0 119 0 0 0 0 0 0 0 0 0 0 0 0 0 0 0 0 0 0 0 0 0 0 0 0 0 0 0 0 0 0 0 0 0 0 0 0 0 0 0 0 0 0 0 0 0 0 0 0 0 0 0 0 0 0 0 0 0 0 0 0 0 0 0 0 0 0 0 0 0 0 0 0 0 0 0 0 0 0 0 0 0 0 0 0 0 0 0 0 0 0 0 0 0 0 0 0 0 0 0 0 0 0 0 0 0 0 0 0 0 0 0 0 0 0 0 0 0 0 0 0 0 0 0 0 0 0 0 0 0 0 0 0 0 0 0 0 0 0 0 0 0 0 0 0 0 0 0 0 0 0 0 0 0 0 0 0 0 0 0 0 0 0 0 0 0 0 0 0 0 0 0 0 0 0 0 0 0 0 0 0 0 0 0 0 0 0 0 0 0 0 0 0 0 0 0 0 0 0 0 0 0 0 0 0 0 0 0 0 0 0 0 0 0 0 0 0 0 0 0 0 0 0 0 0 0 0 0 0 0 0 0 0 0 0 0 0 0 0 0 0 0 0 0 0 0 0 0 0 0 0 0 0 0 0 0 0 0 0 0 0 0 0 0 0 0 0 0 0 0 0 0 0 0 0 0 0 0 0 0 0 0 0 0 0 0 0 0 0 0 0 0 0 0 0 0 0 0 0 0 0 0 0 0 0 0 0 0 0 0 0 0 0 0 0 0 0 0 0 0 0 0 0 0 0 0 0 0 0 0 0 0 0 0 0 0 0 0 0 0 0 0 0 0 0 0 0 0 0 0 0 0 0 0 0 0 0 0 0 0 0 0 0 0 0 0 0 0 0 0 0 0 0 0 0 0 0 0 0 0 0 0 0 0 0 0 0 0 0 0 0 0 0 0 0 0 0 0 0 0 0 0 0 0 0 0 0 0 0 0 0 0 0 0 0 0 0 0 0 0 0 0 0 0 0 0 0 0 0 0 0 0 0 0 0 0 0 0 0 0 0 0 0 0 0 0 0
ctxt 62825709
btime 1600744687
processes 53999
procs_running 1
procs_blocked 0
softirq 29800304 5 10312543 34789 5494409 356504 0 13976 8355822 0 5232256
