cpu  1770450 3720 67072 272580570 2291 0 12553 0 0 0
cpu0 129923 141 4594 17014410 42 0 6692 0 0 0
cpu1 121972 0 4040 17023873 1373 0 2071 0 0 0
cpu2 118211 0 4052 17029270 107 0 784 0 0 0
cpu3 116653 0 4616 17029073 90 0 693 0 0 0
cpu4 113289 520 4230 17033082 63 0 241 0 0 0
cpu5 110534 279 3946 17036521 58 0 263 0 0 0
cpu6 108320 339 4070 17039348 65 0 58 0 0 0
cpu7 109909 0 4282 17037085 50 0 257 0 0 0
cpu8 106533 0 4311 17040477 81 0 378 0 0 0
cpu9 109268 666 3652 17038463 49 0 262 0 0 0
cpu10 106977 811 4353 17039494 38 0 239 0 0 0
cpu11 105005 0 4044 17043259 26 0 18 0 0 0
cpu12 104932 334 4316 17041214 129 0 210 0 0 0
cpu13 102860 0 4021 17044617 40 0 8 0 0 0
cpu14 102662 625 4120 17045134 37 0 340 0 0 0
cpu15 103398 1 4420 17045242 36 0 32 0 0 0
intr 37870340 33 0 0 0 0 0 0 0 1 1 0 0 0 0 0 0 0 0 50 0 0 0 0 0 0 0 0 0 0 0 0 2 2 2 2 38 367489 1 807028 685045 681027 960115 658953 586337 920398 599674 0 0 0 0 0 0 0 0 0 9 0 0 9 0 0 16 37 2 3 0 12 0 20 16 0 0 0 0 0 0 0 0 0 0 0 0 0 0 0 0 0 0 0 0 0 0 0 0 0 0 0 0 0 0 0 0 0 0 0 119 0 0 0 0 0 0 0 0 0 0 0 0 0 0 0 0 0 0 0 0 0 0 0 0 0 0 0 0 0 0 0 0 0 0 0 0 0 0 0 0 0 0 0 0 0 0 0 0 0 0 0 0 0 0 0 0 0 0 0 0 0 0 0 0 0 0 0 0 0 0 0 0 0 0 0 0 0 0 0 0 0 0 0 0 0 0 0 0 0 0 0 0 0 0 0 0 0 0 0 0 0 0 0 0 0 0 0 0 0 0 0 0 0 0 0 0 0 0 0 0 0 0 0 0 0 0 0 0 0 0 0 0 0 0 0 0 0 0 0 0 0 0 0 0 0 0 0 0 0 0 0 0 0 0 0 0 0 0 0 0 0 0 0 0 0 0 0 0 0 0 0 0 0 0 0 0 0 0 0 0 0 0 0 0 0 0 0 0 0 0 0 0 0 0 0 0 0 0 0 0 0 0 0 0 0 0 0 0 0 0 0 0 0 0 0 0 0 0 0 0 0 0 0 0 0 0 0 0 0 0 0 0 0 0 0 0 0 0 0 0 0 0 0 0 0 0 0 0 0 0 0 0 0 0 0 0 0 0 0 0 0 0 0 0 0 0 0 0 0 0 0 0 0 0 0 0 0 0 0 0 0 0 0 0 0 0 0 0 0 0 0 0 0 0 0 0 0 0 0 0 0 0 0 0 0 0 0 0 0 0 0 0 0 0 0 0 0 0 0 0 0 0 0 0 0 0 0 0 0 0 0 0 0 0 0 0 0 0 0 0 0 0 0 0 0 0 0 0 0 0 0 0 0 0 0 0 0 0 0 0 0 0 0 0 0 0 0 0 0 0 0 0 0 0 0 0 0 0 0 0 0 0 0 0 0 0 0 0 0 0 0 0 0 0 0 0 0 0 0 0 0 0 0 0 0 0 0 0 0 0 0 0 0 0 0 0 0 0 0 0 0 0 0 0 0 0 0 0 0 0 0 0 0 0 0 0 0 0 0 0 0 0 0 0 0 0
ctxt 63644789
btime 1600744687
processes 72395
procs_running 1
procs_blocked 0
softirq 31707197 5 11040145 35003 5968788 362321 0 15083 8715453 0 5570399
