cpu  1620297 3720 64912 272197339 2283 0 11091 0 0 0
cpu0 120195 141 4438 16990835 42 0 5898 0 0 0
cpu1 112690 0 3935 16999798 1367 0 1730 0 0 0
cpu2 108817 0 3925 17005312 106 0 701 0 0 0
cpu3 107398 0 4484 17005006 90 0 621 0 0 0
cpu4 103879 520 4108 17009125 63 0 224 0 0 0
cpu5 101187 279 3807 17012527 58 0 247 0 0 0
cpu6 98925 339 3946 17015389 65 0 54 0 0 0
cpu7 100656 0 4151 17013029 50 0 208 0 0 0
cpu8 97046 0 4160 17016647 81 0 364 0 0 0
cpu9 99830 666 3512 17014566 49 0 246 0 0 0
cpu10 97543 811 4199 17015603 38 0 220 0 0 0
cpu11 95614 0 3887 17019319 26 0 18 0 0 0
cpu12 95736 334 4163 17017101 129 0 194 0 0 0
cpu13 93638 0 3915 17020468 40 0 8 0 0 0
cpu14 93410 625 4019 17021019 37 0 321 0 0 0
cpu15 93727 1 4257 17021589 35 0 32 0 0 0
intr 36891318 33 0 0 0 0 0 0 0 1 1 0 0 0 0 0 0 0 0 50 0 0 0 0 0 0 0 0 0 0 0 0 2 2 2 2 38 364280 1 777802 637645 597363 893313 636571 541678 884878 571073 0 0 0 0 0 0 0 0 0 9 0 0 9 0 0 16 37 2 3 0 12 0 20 16 0 0 0 0 0 0 0 0 0 0 0 0 0 0 0 0 0 0 0 0 0 0 0 0 0 0 0 0 0 0 0 0 0 0 0 119 0 0 0 0 0 0 0 0 0 0 0 0 0 0 0 0 0 0 0 0 0 0 0 0 0 0 0 0 0 0 0 0 0 0 0 0 0 0 0 0 0 0 0 0 0 0 0 0 0 0 0 0 0 0 0 0 0 0 0 0 0 0 0 0 0 0 0 0 0 0 0 0 0 0 0 0 0 0 0 0 0 0 0 0 0 0 0 0 0 0 0 0 0 0 0 0 0 0 0 0 0 0 0 0 0 0 0 0 0 0 0 0 0 0 0 0 0 0 0 0 0 0 0 0 0 0 0 0 0 0 0 0 0 0 0 0 0 0 0 0 0 0 0 0 0 0 0 0 0 0 0 0 0 0 0 0 0 0 0 0 0 0 0 0 0 0 0 0 0 0 0 0 0 0 0 0 0 0 0 0 0 0 0 0 0 0 0 0 0 0 0 0 0 0 0 0 0 0 0 0 0 0 0 0 0 0 0 0 0 0 0 0 0 0 0 0 0 0 0 0 0 0 0 0 0 0 0 0 0 0 0 0 0 0 0 0 0 0 0 0 0 0 0 0 0 0 0 0 0 0 0 0 0 0 0 0 0 0 0 0 0 0 0 0 0 0 0 0 0 0 0 0 0 0 0 0 0 0 0 0 0 0 0 0 0 0 0 0 0 0 0 0 0 0 0 0 0 0 0 0 0 0 0 0 0 0 0 0 0 0 0 0 0 0 0 0 0 0 0 0 0 0 0 0 0 0 0 0 0 0 0 0 0 0 0 0 0 0 0 0 0 0 0 0 0 0 0 0 0 0 0 0 0 0 0 0 0 0 0 0 0 0 0 0 0 0 0 0 0 0 0 0 0 0 0 0 0 0 0 0 0 0 0 0 0 0 0 0 0 0 0 0 0 0 0 0 0 0 0 0 0 0 0 0 0 0 0 0 0 0 0 0 0 0 0 0 0 0 0 0 0 0 0 0 0 0 0 0 0 0 0 0 0 0 0 0 0 0 0 0 0 0 0 0 0 0
ctxt 63198065
btime 1600744687
processes 62297
procs_running 1
procs_blocked 0
softirq 30471650 5 10544936 34935 5610534 359136 0 14242 8532004 0 5375858
