cpu  1673590 3720 65974 272383645 2288 0 11854 0 0 0
cpu0 123721 141 4522 17002257 42 0 6320 0 0 0
cpu1 115947 0 3982 17011526 1371 0 1916 0 0 0
cpu2 112083 0 3979 17017039 106 0 747 0 0 0
cpu3 110690 0 4547 17016692 90 0 654 0 0 0
cpu4 107252 520 4174 17020741 63 0 237 0 0 0
cpu5 104550 279 3880 17024141 58 0 252 0 0 0
cpu6 102317 339 4013 17026969 65 0 56 0 0 0
cpu7 103930 0 4220 17024723 50 0 222 0 0 0
cpu8 100410 0 4235 17028240 81 0 375 0 0 0
cpu9 103220 666 3590 17026132 49 0 259 0 0 0
cpu10 100922 811 4272 17027198 38 0 224 0 0 0
cpu11 98882 0 3968 17031018 26 0 18 0 0 0
cpu12 98927 334 4219 17028892 129 0 199 0 0 0
cpu13 96820 0 3952 17032294 40 0 8 0 0 0
cpu14 96597 625 4061 17032825 37 0 329 0 0 0
cpu15 97317 1 4354 17032949 36 0 32 0 0 0
intr 37277982 33 0 0 0 0 0 0 0 1 1 0 0 0 0 0 0 0 0 50 0 0 0 0 0 0 0 0 0 0 0 0 2 2 2 2 38 366074 1 792426 665901 617813 911478 645778 557514 897860 580407 0 0 0 0 0 0 0 0 0 9 0 0 9 0 0 16 37 2 3 0 12 0 20 16 0 0 0 0 0 0 0 0 0 0 0 0 0 0 0 0 0 0 0 0 0 0 0 0 0 0 0 0 0 0 0 0 0 0 0 119 0 0 0 0 0 0 0 0 0 0 0 0 0 0 0 0 0 0 0 0 0 0 0 0 0 0 0 0 0 0 0 0 0 0 0 0 0 0 0 0 0 0 0 0 0 0 0 0 0 0 0 0 0 0 0 0 0 0 0 0 0 0 0 0 0 0 0 0 0 0 0 0 0 0 0 0 0 0 0 0 0 0 0 0 0 0 0 0 0 0 0 0 0 0 0 0 0 0 0 0 0 0 0 0 0 0 0 0 0 0 0 0 0 0 0 0 0 0 0 0 0 0 0 0 0 0 0 0 0 0 0 0 0 0 0 0 0 0 0 0 0 0 0 0 0 0 0 0 0 0 0 0 0 0 0 0 0 0 0 0 0 0 0 0 0 0 0 0 0 0 0 0 0 0 0 0 0 0 0 0 0 0 0 0 0 0 0 0 0 0 0 0 0 0 0 0 0 0 0 0 0 0 0 0 0 0 0 0 0 0 0 0 0 0 0 0 0 0 0 0 0 0 0 0 0 0 0 0 0 0 0 0 0 0 0 0 0 0 0 0 0 0 0 0 0 0 0 0 0 0 0 0 0 0 0 0 0 0 0 0 0 0 0 0 0 0 0 0 0 0 0 0 0 0 0 0 0 0 0 0 0 0 0 0 0 0 0 0 0 0 0 0 0 0 0 0 0 0 0 0 0 0 0 0 0 0 0 0 0 0 0 0 0 0 0 0 0 0 0 0 0 0 0 0 0 0 0 0 0 0 0 0 0 0 0 0 0 0 0 0 0 0 0 0 0 0 0 0 0 0 0 0 0 0 0 0 0 0 0 0 0 0 0 0 0 0 0 0 0 0 0 0 0 0 0 0 0 0 0 0 0 0 0 0 0 0 0 0 0 0 0 0 0 0 0 0 0 0 0 0 0 0 0 0 0 0 0 0 0 0 0 0 0 0 0 0 0 0 0 0 0 0 0 0 0 0 0 0 0 0 0 0 0 0 0 0 0 0 0 0 0 0 0 0 0 0
ctxt 63397889
btime 1600744687
processes 67680
procs_running 1
procs_blocked 0
softirq 30997105 5 10745807 34966 5739388 360915 0 14584 8626393 0 5475047
