cpu  1812944 3720 67403 272598475 2291 0 12756 0 0 0
cpu0 132555 141 4611 17015557 42 0 6806 0 0 0
cpu1 124626 0 4061 17024996 1373 0 2097 0 0 0
cpu2 120871 0 4068 17030389 107 0 793 0 0 0
cpu3 119276 0 4628 17030234 90 0 698 0 0 0
cpu4 115987 520 4254 17034160 63 0 242 0 0 0
cpu5 113166 279 3969 17037665 58 0 263 0 0 0
cpu6 111012 339 4094 17040432 65 0 58 0 0 0
cpu7 112578 0 4310 17038172 50 0 270 0 0 0
cpu8 109152 0 4323 17041639 81 0 383 0 0 0
cpu9 111935 666 3676 17039567 49 0 268 0 0 0
cpu10 109642 811 4379 17040598 38 0 246 0 0 0
cpu11 107681 0 4065 17044361 26 0 18 0 0 0
cpu12 107580 334 4339 17042340 129 0 214 0 0 0
cpu13 105494 0 4035 17045769 40 0 8 0 0 0
cpu14 105283 625 4143 17046276 37 0 353 0 0 0
cpu15 106102 1 4442 17046311 36 0 32 0 0 0
intr 38109987 33 0 0 0 0 0 0 0 1 1 0 0 0 0 0 0 0 0 50 0 0 0 0 0 0 0 0 0 0 0 0 2 2 2 2 38 367909 1 825976 691402 706062 960240 659077 592948 944591 618410 0 0 0 0 0 0 0 0 0 9 0 0 9 0 0 16 37 2 3 0 12 0 20 16 0 0 0 0 0 0 0 0 0 0 0 0 0 0 0 0 0 0 0 0 0 0 0 0 0 0 0 0 0 0 0 0 0 0 0 119 0 0 0 0 0 0 0 0 0 0 0 0 0 0 0 0 0 0 0 0 0 0 0 0 0 0 0 0 0 0 0 0 0 0 0 0 0 0 0 0 0 0 0 0 0 0 0 0 0 0 0 0 0 0 0 0 0 0 0 0 0 0 0 0 0 0 0 0 0 0 0 0 0 0 0 0 0 0 0 0 0 0 0 0 0 0 0 0 0 0 0 0 0 0 0 0 0 0 0 0 0 0 0 0 0 0 0 0 0 0 0 0 0 0 0 0 0 0 0 0 0 0 0 0 0 0 0 0 0 0 0 0 0 0 0 0 0 0 0 0 0 0 0 0 0 0 0 0 0 0 0 0 0 0 0 0 0 0 0 0 0 0 0 0 0 0 0 0 0 0 0 0 0 0 0 0 0 0 0 0 0 0 0 0 0 0 0 0 0 0 0 0 0 0 0 0 0 0 0 0 0 0 0 0 0 0 0 0 0 0 0 0 0 0 0 0 0 0 0 0 0 0 0 0 0 0 0 0 0 0 0 0 0 0 0 0 0 0 0 0 0 0 0 0 0 0 0 0 0 0 0 0 0 0 0 0 0 0 0 0 0 0 0 0 0 0 0 0 0 0 0 0 0 0 0 0 0 0 0 0 0 0 0 0 0 0 0 0 0 0 0 0 0 0 0 0 0 0 0 0 0 0 0 0 0 0 0 0 0 0 0 0 0 0 0 0 0 0 0 0 0 0 0 0 0 0 0 0 0 0 0 0 0 0 0 0 0 0 0 0 0 0 0 0 0 0 0 0 0 0 0 0 0 0 0 0 0 0 0 0 0 0 0 0 0 0 0 0 0 0 0 0 0 0 0 0 0 0 0 0 0 0 0 0 0 0 0 0 0 0 0 0 0 0 0 0 0 0 0 0 0 0 0 0 0 0 0 0 0 0 0 0 0 0 0 0 0 0 0 0 0 0 0 0 0 0 0 0 0 0 0 0 0 0 0 0 0 0 0 0 0 0 0 0 0 0
ctxt 63728067
btime 1600744687
processes 73572
procs_running 1
procs_blocked 0
softirq 31972016 5 11154899 35010 6068917 362738 0 15263 8740207 0 5594977
