cpu  1599138 3720 64156 271215860 2278 0 10578 0 0 0
cpu0 118858 141 4387 16929516 42 0 5574 0 0 0
cpu1 111345 0 3886 16938479 1364 0 1640 0 0 0
cpu2 107478 0 3880 16943988 106 0 664 0 0 0
cpu3 106139 0 4459 16943586 90 0 596 0 0 0
cpu4 102612 520 4079 16947704 63 0 217 0 0 0
cpu5 99870 279 3754 16951182 57 0 244 0 0 0
cpu6 97658 339 3902 16953978 65 0 52 0 0 0
cpu7 99248 0 4093 16951779 50 0 202 0 0 0
cpu8 95608 0 4104 16955426 80 0 362 0 0 0
cpu9 98522 666 3461 16953221 49 0 236 0 0 0
cpu10 96190 811 4133 16954324 38 0 215 0 0 0
cpu11 94303 0 3842 16957958 26 0 18 0 0 0
cpu12 94434 334 4129 16955726 129 0 194 0 0 0
cpu13 92374 0 3878 16959049 40 0 8 0 0 0
cpu14 92073 625 3949 16959720 37 0 318 0 0 0
cpu15 92420 1 4212 16960218 35 0 32 0 0 0
intr 36655595 33 0 0 0 0 0 0 0 1 1 0 0 0 0 0 0 0 0 50 0 0 0 0 0 0 0 0 0 0 0 0 2 2 2 2 38 362901 1 773455 632582 595117 887453 628448 535478 880924 554180 0 0 0 0 0 0 0 0 0 9 0 0 9 0 0 16 37 2 3 0 12 0 20 16 0 0 0 0 0 0 0 0 0 0 0 0 0 0 0 0 0 0 0 0 0 0 0 0 0 0 0 0 0 0 0 0 0 0 0 119 0 0 0 0 0 0 0 0 0 0 0 0 0 0 0 0 0 0 0 0 0 0 0 0 0 0 0 0 0 0 0 0 0 0 0 0 0 0 0 0 0 0 0 0 0 0 0 0 0 0 0 0 0 0 0 0 0 0 0 0 0 0 0 0 0 0 0 0 0 0 0 0 0 0 0 0 0 0 0 0 0 0 0 0 0 0 0 0 0 0 0 0 0 0 0 0 0 0 0 0 0 0 0 0 0 0 0 0 0 0 0 0 0 0 0 0 0 0 0 0 0 0 0 0 0 0 0 0 0 0 0 0 0 0 0 0 0 0 0 0 0 0 0 0 0 0 0 0 0 0 0 0 0 0 0 0 0 0 0 0 0 0 0 0 0 0 0 0 0 0 0 0 0 0 0 0 0 0 0 0 0 0 0 0 0 0 0 0 0 0 0 0 0 0 0 0 0 0 0 0 0 0 0 0 0 0 0 0 0 0 0 0 0 0 0 0 0 0 0 0 0 0 0 0 0 0 0 0 0 0 0 0 0 0 0 0 0 0 0 0 0 0 0 0 0 0 0 0 0 0 0 0 0 0 0 0 0 0 0 0 0 0 0 0 0 0 0 0 0 0 0 0 0 0 0 0 0 0 0 0 0 0 0 0 0 0 0 0 0 0 0 0 0 0 0 0 0 0 0 0 0 0 0 0 0 0 0 0 0 0 0 0 0 0 0 0 0 0 0 0 0 0 0 0 0 0 0 0 0 0 0 0 0 0 0 0 0 0 0 0 0 0 0 0 0 0 0 0 0 0 0 0 0 0 0 0 0 0 0 0 0 0 0 0 0 0 0 0 0 0 0 0 0 0 0 0 0 0 0 0 0 0 0 0 0 0 0 0 0 0 0 0 0 0 0 0 0 0 0 0 0 0 0 0 0 0 0 0 0 0 0 0 0 0 0 0 0 0 0 0 0 0 0 0 0 0 0 0 0 0 0 0 0 0 0 0 0 0 0 0 0 0 0 0 0 0
ctxt 62984238
btime 1600744687
processes 58377
procs_running 1
procs_blocked 0
softirq 30158803 5 10431910 34811 5557848 357784 0 14093 8456761 0 5305591
