cpu  1579462 3720 63433 271065600 2274 0 9960 0 0 0
cpu0 117536 141 4327 16920234 41 0 5192 0 0 0
cpu1 110108 0 3836 16929101 1363 0 1525 0 0 0
cpu2 106337 0 3844 16934499 105 0 602 0 0 0
cpu3 104950 0 4417 16934150 89 0 573 0 0 0
cpu4 101551 520 4050 16938125 63 0 209 0 0 0
cpu5 98681 279 3714 16941752 57 0 237 0 0 0
cpu6 96436 339 3871 16944559 65 0 52 0 0 0
cpu7 97952 0 4028 16942477 50 0 196 0 0 0
cpu8 94297 0 4058 16946109 80 0 358 0 0 0
cpu9 97409 666 3430 16943709 49 0 234 0 0 0
cpu10 94874 811 4082 16945021 38 0 213 0 0 0
cpu11 93117 0 3812 16948511 26 0 18 0 0 0
cpu12 93218 334 4091 16946326 129 0 190 0 0 0
cpu13 91118 0 3819 16949687 40 0 8 0 0 0
cpu14 90820 625 3896 16950352 37 0 316 0 0 0
cpu15 91050 1 4152 16950980 35 0 32 0 0 0
intr 36452351 33 0 0 0 0 0 0 0 1 1 0 0 0 0 0 0 0 0 50 0 0 0 0 0 0 0 0 0 0 0 0 2 2 2 2 38 361923 1 760451 624714 579913 885403 624741 527597 878980 548307 0 0 0 0 0 0 0 0 0 9 0 0 9 0 0 16 37 2 3 0 12 0 20 16 0 0 0 0 0 0 0 0 0 0 0 0 0 0 0 0 0 0 0 0 0 0 0 0 0 0 0 0 0 0 0 0 0 0 0 119 0 0 0 0 0 0 0 0 0 0 0 0 0 0 0 0 0 0 0 0 0 0 0 0 0 0 0 0 0 0 0 0 0 0 0 0 0 0 0 0 0 0 0 0 0 0 0 0 0 0 0 0 0 0 0 0 0 0 0 0 0 0 0 0 0 0 0 0 0 0 0 0 0 0 0 0 0 0 0 0 0 0 0 0 0 0 0 0 0 0 0 0 0 0 0 0 0 0 0 0 0 0 0 0 0 0 0 0 0 0 0 0 0 0 0 0 0 0 0 0 0 0 0 0 0 0 0 0 0 0 0 0 0 0 0 0 0 0 0 0 0 0 0 0 0 0 0 0 0 0 0 0 0 0 0 0 0 0 0 0 0 0 0 0 0 0 0 0 0 0 0 0 0 0 0 0 0 0 0 0 0 0 0 0 0 0 0 0 0 0 0 0 0 0 0 0 0 0 0 0 0 0 0 0 0 0 0 0 0 0 0 0 0 0 0 0 0 0 0 0 0 0 0 0 0 0 0 0 0 0 0 0 0 0 0 0 0 0 0 0 0 0 0 0 0 0 0 0 0 0 0 0 0 0 0 0 0 0 0 0 0 0 0 0 0 0 0 0 0 0 0 0 0 0 0 0 0 0 0 0 0 0 0 0 0 0 0 0 0 0 0 0 0 0 0 0 0 0 0 0 0 0 0 0 0 0 0 0 0 0 0 0 0 0 0 0 0 0 0 0 0 0 0 0 0 0 0 0 0 0 0 0 0 0 0 0 0 0 0 0 0 0 0 0 0 0 0 0 0 0 0 0 0 0 0 0 0 0 0 0 0 0 0 0 0 0 0 0 0 0 0 0 0 0 0 0 0 0 0 0 0 0 0 0 0 0 0 0 0 0 0 0 0 0 0 0 0 0 0 0 0 0 0 0 0 0 0 0 0 0 0 0 0 0 0 0 0 0 0 0 0 0 0 0 0 0 0 0 0 0 0 0 0 0 0 0 0 0 0 0 0 0 0 0 0 0
ctxt 62839130
btime 1600744687
processes 54335
procs_running 1
procs_blocked 0
softirq 29830933 5 10322309 34790 5500317 356825 0 13984 8364818 0 5237885
