cpu  1727744 3720 66697 272557156 2290 0 12325 0 0 0
cpu0 127230 141 4568 17012973 42 0 6560 0 0 0
cpu1 119308 0 4021 17022403 1373 0 2030 0 0 0
cpu2 115413 0 4014 17027946 107 0 778 0 0 0
cpu3 114050 0 4595 17027556 90 0 672 0 0 0
cpu4 110590 520 4208 17031644 63 0 239 0 0 0
cpu5 107910 279 3917 17035014 58 0 262 0 0 0
cpu6 105684 339 4055 17037841 65 0 58 0 0 0
cpu7 107298 0 4262 17035577 50 0 242 0 0 0
cpu8 103862 0 4289 17039012 81 0 376 0 0 0
cpu9 106560 666 3620 17037038 49 0 262 0 0 0
cpu10 104344 811 4331 17037993 38 0 233 0 0 0
cpu11 102325 0 4018 17041807 26 0 18 0 0 0
cpu12 102270 334 4292 17039742 129 0 209 0 0 0
cpu13 100184 0 4001 17043155 40 0 8 0 0 0
cpu14 99991 625 4102 17043664 37 0 340 0 0 0
cpu15 100720 1 4398 17043782 36 0 32 0 0 0
intr 37622229 33 0 0 0 0 0 0 0 1 1 0 0 0 0 0 0 0 0 50 0 0 0 0 0 0 0 0 0 0 0 0 2 2 2 2 38 366758 1 806869 684912 649680 917159 658876 579648 919970 580813 0 0 0 0 0 0 0 0 0 9 0 0 9 0 0 16 37 2 3 0 12 0 20 16 0 0 0 0 0 0 0 0 0 0 0 0 0 0 0 0 0 0 0 0 0 0 0 0 0 0 0 0 0 0 0 0 0 0 0 119 0 0 0 0 0 0 0 0 0 0 0 0 0 0 0 0 0 0 0 0 0 0 0 0 0 0 0 0 0 0 0 0 0 0 0 0 0 0 0 0 0 0 0 0 0 0 0 0 0 0 0 0 0 0 0 0 0 0 0 0 0 0 0 0 0 0 0 0 0 0 0 0 0 0 0 0 0 0 0 0 0 0 0 0 0 0 0 0 0 0 0 0 0 0 0 0 0 0 0 0 0 0 0 0 0 0 0 0 0 0 0 0 0 0 0 0 0 0 0 0 0 0 0 0 0 0 0 0 0 0 0 0 0 0 0 0 0 0 0 0 0 0 0 0 0 0 0 0 0 0 0 0 0 0 0 0 0 0 0 0 0 0 0 0 0 0 0 0 0 0 0 0 0 0 0 0 0 0 0 0 0 0 0 0 0 0 0 0 0 0 0 0 0 0 0 0 0 0 0 0 0 0 0 0 0 0 0 0 0 0 0 0 0 0 0 0 0 0 0 0 0 0 0 0 0 0 0 0 0 0 0 0 0 0 0 0 0 0 0 0 0 0 0 0 0 0 0 0 0 0 0 0 0 0 0 0 0 0 0 0 0 0 0 0 0 0 0 0 0 0 0 0 0 0 0 0 0 0 0 0 0 0 0 0 0 0 0 0 0 0 0 0 0 0 0 0 0 0 0 0 0 0 0 0 0 0 0 0 0 0 0 0 0 0 0 0 0 0 0 0 0 0 0 0 0 0 0 0 0 0 0 0 0 0 0 0 0 0 0 0 0 0 0 0 0 0 0 0 0 0 0 0 0 0 0 0 0 0 0 0 0 0 0 0 0 0 0 0 0 0 0 0 0 0 0 0 0 0 0 0 0 0 0 0 0 0 0 0 0 0 0 0 0 0 0 0 0 0 0 0 0 0 0 0 0 0 0 0 0 0 0 0 0 0 0 0 0 0 0 0 0 0 0 0 0 0 0 0 0 0 0 0 0 0 0 0 0 0 0 0 0 0 0 0 0 0
ctxt 63554179
btime 1600744687
processes 70882
procs_running 1
procs_blocked 0
softirq 31420686 5 10917827 34995 5868138 361594 0 14878 8685042 0 5538207
