cpu  1682346 3720 66107 272393647 2288 0 11948 0 0 0
cpu0 124295 141 4530 17002855 42 0 6358 0 0 0
cpu1 116479 0 3988 17012167 1371 0 1954 0 0 0
cpu2 112642 0 3989 17017651 106 0 752 0 0 0
cpu3 111226 0 4553 17017331 90 0 655 0 0 0
cpu4 107816 520 4183 17021348 63 0 237 0 0 0
cpu5 105113 279 3891 17024746 58 0 256 0 0 0
cpu6 102857 339 4021 17027603 65 0 56 0 0 0
cpu7 104474 0 4228 17025354 50 0 222 0 0 0
cpu8 100981 0 4247 17028839 81 0 376 0 0 0
cpu9 103744 666 3596 17026782 49 0 259 0 0 0
cpu10 101480 811 4287 17027811 38 0 224 0 0 0
cpu11 99408 0 3973 17031668 26 0 18 0 0 0
cpu12 99450 334 4223 17029542 129 0 201 0 0 0
cpu13 97380 0 3959 17032907 40 0 8 0 0 0
cpu14 97124 625 4070 17033468 37 0 334 0 0 0
cpu15 97872 1 4363 17033567 36 0 32 0 0 0
intr 37335616 33 0 0 0 0 0 0 0 1 1 0 0 0 0 0 0 0 0 50 0 0 0 0 0 0 0 0 0 0 0 0 2 2 2 2 38 366083 1 799981 665961 617851 911537 655963 557610 900700 580495 0 0 0 0 0 0 0 0 0 9 0 0 9 0 0 16 37 2 3 0 12 0 20 16 0 0 0 0 0 0 0 0 0 0 0 0 0 0 0 0 0 0 0 0 0 0 0 0 0 0 0 0 0 0 0 0 0 0 0 119 0 0 0 0 0 0 0 0 0 0 0 0 0 0 0 0 0 0 0 0 0 0 0 0 0 0 0 0 0 0 0 0 0 0 0 0 0 0 0 0 0 0 0 0 0 0 0 0 0 0 0 0 0 0 0 0 0 0 0 0 0 0 0 0 0 0 0 0 0 0 0 0 0 0 0 0 0 0 0 0 0 0 0 0 0 0 0 0 0 0 0 0 0 0 0 0 0 0 0 0 0 0 0 0 0 0 0 0 0 0 0 0 0 0 0 0 0 0 0 0 0 0 0 0 0 0 0 0 0 0 0 0 0 0 0 0 0 0 0 0 0 0 0 0 0 0 0 0 0 0 0 0 0 0 0 0 0 0 0 0 0 0 0 0 0 0 0 0 0 0 0 0 0 0 0 0 0 0 0 0 0 0 0 0 0 0 0 0 0 0 0 0 0 0 0 0 0 0 0 0 0 0 0 0 0 0 0 0 0 0 0 0 0 0 0 0 0 0 0 0 0 0 0 0 0 0 0 0 0 0 0 0 0 0 0 0 0 0 0 0 0 0 0 0 0 0 0 0 0 0 0 0 0 0 0 0 0 0 0 0 0 0 0 0 0 0 0 0 0 0 0 0 0 0 0 0 0 0 0 0 0 0 0 0 0 0 0 0 0 0 0 0 0 0 0 0 0 0 0 0 0 0 0 0 0 0 0 0 0 0 0 0 0 0 0 0 0 0 0 0 0 0 0 0 0 0 0 0 0 0 0 0 0 0 0 0 0 0 0 0 0 0 0 0 0 0 0 0 0 0 0 0 0 0 0 0 0 0 0 0 0 0 0 0 0 0 0 0 0 0 0 0 0 0 0 0 0 0 0 0 0 0 0 0 0 0 0 0 0 0 0 0 0 0 0 0 0 0 0 0 0 0 0 0 0 0 0 0 0 0 0 0 0 0 0 0 0 0 0 0 0 0 0 0 0 0 0 0 0 0 0 0 0 0 0 0 0 0 0 0 0 0 0 0 0 0
ctxt 63423103
btime 1600744687
processes 68354
procs_running 1
procs_blocked 0
softirq 31072472 5 10775484 34969 5760309 360924 0 14617 8638255 0 5487909
