cpu  1638378 3720 65357 272316928 2286 0 11413 0 0 0
cpu0 121405 141 4471 16998220 42 0 6059 0 0 0
cpu1 113800 0 3957 17007295 1370 0 1805 0 0 0
cpu2 109942 0 3951 17012796 106 0 730 0 0 0
cpu3 108539 0 4511 17012472 90 0 640 0 0 0
cpu4 104955 520 4127 17016672 63 0 230 0 0 0
cpu5 102349 279 3838 17019965 58 0 249 0 0 0
cpu6 100096 339 3978 17022815 65 0 54 0 0 0
cpu7 101730 0 4176 17020565 50 0 214 0 0 0
cpu8 98247 0 4201 17024034 81 0 370 0 0 0
cpu9 100997 666 3546 17021993 49 0 252 0 0 0
cpu10 98706 811 4232 17023043 38 0 223 0 0 0
cpu11 96712 0 3923 17026815 26 0 18 0 0 0
cpu12 96794 334 4178 17024658 129 0 196 0 0 0
cpu13 94705 0 3932 17028020 40 0 8 0 0 0
cpu14 94453 625 4038 17028581 37 0 328 0 0 0
cpu15 94941 1 4292 17028977 35 0 32 0 0 0
intr 37036204 33 0 0 0 0 0 0 0 1 1 0 0 0 0 0 0 0 0 50 0 0 0 0 0 0 0 0 0 0 0 0 2 2 2 2 38 364847 1 781813 652914 604363 893431 638193 549580 889820 574473 0 0 0 0 0 0 0 0 0 9 0 0 9 0 0 16 37 2 3 0 12 0 20 16 0 0 0 0 0 0 0 0 0 0 0 0 0 0 0 0 0 0 0 0 0 0 0 0 0 0 0 0 0 0 0 0 0 0 0 119 0 0 0 0 0 0 0 0 0 0 0 0 0 0 0 0 0 0 0 0 0 0 0 0 0 0 0 0 0 0 0 0 0 0 0 0 0 0 0 0 0 0 0 0 0 0 0 0 0 0 0 0 0 0 0 0 0 0 0 0 0 0 0 0 0 0 0 0 0 0 0 0 0 0 0 0 0 0 0 0 0 0 0 0 0 0 0 0 0 0 0 0 0 0 0 0 0 0 0 0 0 0 0 0 0 0 0 0 0 0 0 0 0 0 0 0 0 0 0 0 0 0 0 0 0 0 0 0 0 0 0 0 0 0 0 0 0 0 0 0 0 0 0 0 0 0 0 0 0 0 0 0 0 0 0 0 0 0 0 0 0 0 0 0 0 0 0 0 0 0 0 0 0 0 0 0 0 0 0 0 0 0 0 0 0 0 0 0 0 0 0 0 0 0 0 0 0 0 0 0 0 0 0 0 0 0 0 0 0 0 0 0 0 0 0 0 0 0 0 0 0 0 0 0 0 0 0 0 0 0 0 0 0 0 0 0 0 0 0 0 0 0 0 0 0 0 0 0 0 0 0 0 0 0 0 0 0 0 0 0 0 0 0 0 0 0 0 0 0 0 0 0 0 0 0 0 0 0 0 0 0 0 0 0 0 0 0 0 0 0 0 0 0 0 0 0 0 0 0 0 0 0 0 0 0 0 0 0 0 0 0 0 0 0 0 0 0 0 0 0 0 0 0 0 0 0 0 0 0 0 0 0 0 0 0 0 0 0 0 0 0 0 0 0 0 0 0 0 0 0 0 0 0 0 0 0 0 0 0 0 0 0 0 0 0 0 0 0 0 0 0 0 0 0 0 0 0 0 0 0 0 0 0 0 0 0 0 0 0 0 0 0 0 0 0 0 0 0 0 0 0 0 0 0 0 0 0 0 0 0 0 0 0 0 0 0 0 0 0 0 0 0 0 0 0 0 0 0 0 0 0 0 0 0 0 0 0 0 0 0 0 0 0 0 0 0
ctxt 63281841
btime 1600744687
processes 64652
procs_running 1
procs_blocked 0
softirq 30678066 5 10621599 34953 5654798 359695 0 14368 8573864 0 5418784
