cpu  1590360 3720 63799 271113473 2276 0 10309 0 0 0
cpu0 118196 141 4348 16923251 42 0 5408 0 0 0
cpu1 110818 0 3862 16932062 1364 0 1601 0 0 0
cpu2 106991 0 3862 16937522 105 0 636 0 0 0
cpu3 105630 0 4444 16937134 89 0 585 0 0 0
cpu4 102106 520 4067 16941250 63 0 210 0 0 0
cpu5 99319 279 3736 16944783 57 0 240 0 0 0
cpu6 97143 339 3893 16947533 65 0 52 0 0 0
cpu7 98609 0 4057 16945485 50 0 200 0 0 0
cpu8 95048 0 4081 16949033 80 0 359 0 0 0
cpu9 98052 666 3446 16946736 49 0 235 0 0 0
cpu10 95595 811 4106 16947978 38 0 214 0 0 0
cpu11 93796 0 3828 16951507 26 0 18 0 0 0
cpu12 93878 334 4104 16949342 129 0 190 0 0 0
cpu13 91832 0 3850 16952644 40 0 8 0 0 0
cpu14 91510 625 3918 16953346 37 0 316 0 0 0
cpu15 91830 1 4192 16953859 35 0 32 0 0 0
intr 36563342 33 0 0 0 0 0 0 0 1 1 0 0 0 0 0 0 0 0 50 0 0 0 0 0 0 0 0 0 0 0 0 2 2 2 2 38 362631 1 770052 628652 591058 887286 628243 531625 879073 548579 0 0 0 0 0 0 0 0 0 9 0 0 9 0 0 16 37 2 3 0 12 0 20 16 0 0 0 0 0 0 0 0 0 0 0 0 0 0 0 0 0 0 0 0 0 0 0 0 0 0 0 0 0 0 0 0 0 0 0 119 0 0 0 0 0 0 0 0 0 0 0 0 0 0 0 0 0 0 0 0 0 0 0 0 0 0 0 0 0 0 0 0 0 0 0 0 0 0 0 0 0 0 0 0 0 0 0 0 0 0 0 0 0 0 0 0 0 0 0 0 0 0 0 0 0 0 0 0 0 0 0 0 0 0 0 0 0 0 0 0 0 0 0 0 0 0 0 0 0 0 0 0 0 0 0 0 0 0 0 0 0 0 0 0 0 0 0 0 0 0 0 0 0 0 0 0 0 0 0 0 0 0 0 0 0 0 0 0 0 0 0 0 0 0 0 0 0 0 0 0 0 0 0 0 0 0 0 0 0 0 0 0 0 0 0 0 0 0 0 0 0 0 0 0 0 0 0 0 0 0 0 0 0 0 0 0 0 0 0 0 0 0 0 0 0 0 0 0 0 0 0 0 0 0 0 0 0 0 0 0 0 0 0 0 0 0 0 0 0 0 0 0 0 0 0 0 0 0 0 0 0 0 0 0 0 0 0 0 0 0 0 0 0 0 0 0 0 0 0 0 0 0 0 0 0 0 0 0 0 0 0 0 0 0 0 0 0 0 0 0 0 0 0 0 0 0 0 0 0 0 0 0 0 0 0 0 0 0 0 0 0 0 0 0 0 0 0 0 0 0 0 0 0 0 0 0 0 0 0 0 0 0 0 0 0 0 0 0 0 0 0 0 0 0 0 0 0 0 0 0 0 0 0 0 0 0 0 0 0 0 0 0 0 0 0 0 0 0 0 0 0 0 0 0 0 0 0 0 0 0 0 0 0 0 0 0 0 0 0 0 0 0 0 0 0 0 0 0 0 0 0 0 0 0 0 0 0 0 0 0 0 0 0 0 0 0 0 0 0 0 0 0 0 0 0 0 0 0 0 0 0 0 0 0 0 0 0 0 0 0 0 0 0 0 0 0 0 0 0 0 0 0 0 0 0 0 0 0 0 0 0 0 0 0 0 0 0 0 0 0 0 0 0 0 0 0
ctxt 62916991
btime 1600744687
processes 56360
procs_running 1
procs_blocked 0
softirq 30008812 5 10380691 34797 5534779 357530 0 14040 8415284 0 5271686
