cpu  1651721 3720 65619 272358347 2287 0 11622 0 0 0
cpu0 122307 141 4495 17000730 42 0 6164 0 0 0
cpu1 114584 0 3964 17009939 1371 0 1881 0 0 0
cpu2 110746 0 3964 17015422 106 0 736 0 0 0
cpu3 109342 0 4521 17015096 90 0 645 0 0 0
cpu4 105861 520 4151 17019182 63 0 234 0 0 0
cpu5 103176 279 3853 17022563 58 0 249 0 0 0
cpu6 100954 339 3995 17025382 65 0 55 0 0 0
cpu7 102567 0 4202 17023137 50 0 220 0 0 0
cpu8 99076 0 4214 17026629 81 0 370 0 0 0
cpu9 101845 666 3564 17024560 49 0 256 0 0 0
cpu10 99523 811 4246 17025652 38 0 223 0 0 0
cpu11 97526 0 3945 17029423 26 0 18 0 0 0
cpu12 97592 334 4190 17027288 129 0 196 0 0 0
cpu13 95504 0 3941 17030649 40 0 8 0 0 0
cpu14 95258 625 4047 17031209 37 0 329 0 0 0
cpu15 95853 1 4320 17031477 35 0 32 0 0 0
intr 37131975 33 0 0 0 0 0 0 0 1 1 0 0 0 0 0 0 0 0 50 0 0 0 0 0 0 0 0 0 0 0 0 2 2 2 2 38 365333 1 789402 662942 610273 893559 638246 549807 897568 574655 0 0 0 0 0 0 0 0 0 9 0 0 9 0 0 16 37 2 3 0 12 0 20 16 0 0 0 0 0 0 0 0 0 0 0 0 0 0 0 0 0 0 0 0 0 0 0 0 0 0 0 0 0 0 0 0 0 0 0 119 0 0 0 0 0 0 0 0 0 0 0 0 0 0 0 0 0 0 0 0 0 0 0 0 0 0 0 0 0 0 0 0 0 0 0 0 0 0 0 0 0 0 0 0 0 0 0 0 0 0 0 0 0 0 0 0 0 0 0 0 0 0 0 0 0 0 0 0 0 0 0 0 0 0 0 0 0 0 0 0 0 0 0 0 0 0 0 0 0 0 0 0 0 0 0 0 0 0 0 0 0 0 0 0 0 0 0 0 0 0 0 0 0 0 0 0 0 0 0 0 0 0 0 0 0 0 0 0 0 0 0 0 0 0 0 0 0 0 0 0 0 0 0 0 0 0 0 0 0 0 0 0 0 0 0 0 0 0 0 0 0 0 0 0 0 0 0 0 0 0 0 0 0 0 0 0 0 0 0 0 0 0 0 0 0 0 0 0 0 0 0 0 0 0 0 0 0 0 0 0 0 0 0 0 0 0 0 0 0 0 0 0 0 0 0 0 0 0 0 0 0 0 0 0 0 0 0 0 0 0 0 0 0 0 0 0 0 0 0 0 0 0 0 0 0 0 0 0 0 0 0 0 0 0 0 0 0 0 0 0 0 0 0 0 0 0 0 0 0 0 0 0 0 0 0 0 0 0 0 0 0 0 0 0 0 0 0 0 0 0 0 0 0 0 0 0 0 0 0 0 0 0 0 0 0 0 0 0 0 0 0 0 0 0 0 0 0 0 0 0 0 0 0 0 0 0 0 0 0 0 0 0 0 0 0 0 0 0 0 0 0 0 0 0 0 0 0 0 0 0 0 0 0 0 0 0 0 0 0 0 0 0 0 0 0 0 0 0 0 0 0 0 0 0 0 0 0 0 0 0 0 0 0 0 0 0 0 0 0 0 0 0 0 0 0 0 0 0 0 0 0 0 0 0 0 0 0 0 0 0 0 0 0 0 0 0 0 0 0 0 0 0 0 0 0 0 0 0 0 0 0 0 0 0 0 0 0 0 0 0 0 0 0 0 0 0
ctxt 63331260
btime 1600744687
processes 65997
procs_running 1
procs_blocked 0
softirq 30807249 5 10670929 34959 5686663 360177 0 14465 8597023 0 5443028
