cpu  1691198 3720 66273 272406537 2288 0 12046 0 0 0
cpu0 124895 141 4546 17003608 42 0 6402 0 0 0
cpu1 117059 0 4004 17012940 1371 0 1975 0 0 0
cpu2 113166 0 3995 17018489 107 0 766 0 0 0
cpu3 111742 0 4566 17018165 90 0 668 0 0 0
cpu4 108348 520 4189 17022181 63 0 238 0 0 0
cpu5 105644 279 3897 17025578 58 0 256 0 0 0
cpu6 103383 339 4032 17028439 65 0 57 0 0 0
cpu7 105074 0 4242 17026107 50 0 223 0 0 0
cpu8 101551 0 4261 17029624 81 0 376 0 0 0
cpu9 104308 666 3605 17027579 49 0 259 0 0 0
cpu10 102062 811 4299 17028586 38 0 226 0 0 0
cpu11 99946 0 3979 17032493 26 0 18 0 0 0
cpu12 100009 334 4240 17030338 129 0 201 0 0 0
cpu13 97906 0 3964 17033743 40 0 8 0 0 0
cpu14 97695 625 4079 17034260 37 0 334 0 0 0
cpu15 98403 1 4369 17034400 36 0 32 0 0 0
intr 37396750 33 0 0 0 0 0 0 0 1 1 0 0 0 0 0 0 0 0 50 0 0 0 0 0 0 0 0 0 0 0 0 2 2 2 2 38 366404 1 800021 665968 625302 916972 656041 565164 900826 580637 0 0 0 0 0 0 0 0 0 9 0 0 9 0 0 16 37 2 3 0 12 0 20 16 0 0 0 0 0 0 0 0 0 0 0 0 0 0 0 0 0 0 0 0 0 0 0 0 0 0 0 0 0 0 0 0 0 0 0 119 0 0 0 0 0 0 0 0 0 0 0 0 0 0 0 0 0 0 0 0 0 0 0 0 0 0 0 0 0 0 0 0 0 0 0 0 0 0 0 0 0 0 0 0 0 0 0 0 0 0 0 0 0 0 0 0 0 0 0 0 0 0 0 0 0 0 0 0 0 0 0 0 0 0 0 0 0 0 0 0 0 0 0 0 0 0 0 0 0 0 0 0 0 0 0 0 0 0 0 0 0 0 0 0 0 0 0 0 0 0 0 0 0 0 0 0 0 0 0 0 0 0 0 0 0 0 0 0 0 0 0 0 0 0 0 0 0 0 0 0 0 0 0 0 0 0 0 0 0 0 0 0 0 0 0 0 0 0 0 0 0 0 0 0 0 0 0 0 0 0 0 0 0 0 0 0 0 0 0 0 0 0 0 0 0 0 0 0 0 0 0 0 0 0 0 0 0 0 0 0 0 0 0 0 0 0 0 0 0 0 0 0 0 0 0 0 0 0 0 0 0 0 0 0 0 0 0 0 0 0 0 0 0 0 0 0 0 0 0 0 0 0 0 0 0 0 0 0 0 0 0 0 0 0 0 0 0 0 0 0 0 0 0 0 0 0 0 0 0 0 0 0 0 0 0 0 0 0 0 0 0 0 0 0 0 0 0 0 0 0 0 0 0 0 0 0 0 0 0 0 0 0 0 0 0 0 0 0 0 0 0 0 0 0 0 0 0 0 0 0 0 0 0 0 0 0 0 0 0 0 0 0 0 0 0 0 0 0 0 0 0 0 0 0 0 0 0 0 0 0 0 0 0 0 0 0 0 0 0 0 0 0 0 0 0 0 0 0 0 0 0 0 0 0 0 0 0 0 0 0 0 0 0 0 0 0 0 0 0 0 0 0 0 0 0 0 0 0 0 0 0 0 0 0 0 0 0 0 0 0 0 0 0 0 0 0 0 0 0 0 0 0 0 0 0 0 0 0 0 0 0 0 0 0 0 0 0 0 0 0 0 0 0 0 0 0
ctxt 63450945
btime 1600744687
processes 69196
procs_running 1
procs_blocked 0
softirq 31154994 5 10808106 34971 5781142 361243 0 14674 8652018 0 5502835
