cpu  1706558 3720 66537 272549817 2290 0 12248 0 0 0
cpu0 125882 141 4561 17012533 42 0 6524 0 0 0
cpu1 117997 0 4015 17021924 1373 0 2027 0 0 0
cpu2 114096 0 4005 17027479 107 0 772 0 0 0
cpu3 112700 0 4583 17027123 90 0 670 0 0 0
cpu4 109277 520 4199 17031173 63 0 238 0 0 0
cpu5 106594 279 3910 17034543 58 0 262 0 0 0
cpu6 104364 339 4048 17037373 65 0 58 0 0 0
cpu7 106001 0 4252 17035107 50 0 224 0 0 0
cpu8 102551 0 4282 17038536 81 0 376 0 0 0
cpu9 105256 666 3612 17036558 49 0 259 0 0 0
cpu10 103044 811 4317 17037519 38 0 227 0 0 0
cpu11 100978 0 4008 17041368 26 0 18 0 0 0
cpu12 100932 334 4282 17039300 129 0 209 0 0 0
cpu13 98870 0 3985 17042690 40 0 8 0 0 0
cpu14 98631 625 4090 17043242 37 0 340 0 0 0
cpu15 99378 1 4384 17043344 36 0 32 0 0 0
intr 37505186 33 0 0 0 0 0 0 0 1 1 0 0 0 0 0 0 0 0 50 0 0 0 0 0 0 0 0 0 0 0 0 2 2 2 2 38 366748 1 806706 666147 625443 917114 658813 573011 919907 580777 0 0 0 0 0 0 0 0 0 9 0 0 9 0 0 16 37 2 3 0 12 0 20 16 0 0 0 0 0 0 0 0 0 0 0 0 0 0 0 0 0 0 0 0 0 0 0 0 0 0 0 0 0 0 0 0 0 0 0 119 0 0 0 0 0 0 0 0 0 0 0 0 0 0 0 0 0 0 0 0 0 0 0 0 0 0 0 0 0 0 0 0 0 0 0 0 0 0 0 0 0 0 0 0 0 0 0 0 0 0 0 0 0 0 0 0 0 0 0 0 0 0 0 0 0 0 0 0 0 0 0 0 0 0 0 0 0 0 0 0 0 0 0 0 0 0 0 0 0 0 0 0 0 0 0 0 0 0 0 0 0 0 0 0 0 0 0 0 0 0 0 0 0 0 0 0 0 0 0 0 0 0 0 0 0 0 0 0 0 0 0 0 0 0 0 0 0 0 0 0 0 0 0 0 0 0 0 0 0 0 0 0 0 0 0 0 0 0 0 0 0 0 0 0 0 0 0 0 0 0 0 0 0 0 0 0 0 0 0 0 0 0 0 0 0 0 0 0 0 0 0 0 0 0 0 0 0 0 0 0 0 0 0 0 0 0 0 0 0 0 0 0 0 0 0 0 0 0 0 0 0 0 0 0 0 0 0 0 0 0 0 0 0 0 0 0 0 0 0 0 0 0 0 0 0 0 0 0 0 0 0 0 0 0 0 0 0 0 0 0 0 0 0 0 0 0 0 0 0 0 0 0 0 0 0 0 0 0 0 0 0 0 0 0 0 0 0 0 0 0 0 0 0 0 0 0 0 0 0 0 0 0 0 0 0 0 0 0 0 0 0 0 0 0 0 0 0 0 0 0 0 0 0 0 0 0 0 0 0 0 0 0 0 0 0 0 0 0 0 0 0 0 0 0 0 0 0 0 0 0 0 0 0 0 0 0 0 0 0 0 0 0 0 0 0 0 0 0 0 0 0 0 0 0 0 0 0 0 0 0 0 0 0 0 0 0 0 0 0 0 0 0 0 0 0 0 0 0 0 0 0 0 0 0 0 0 0 0 0 0 0 0 0 0 0 0 0 0 0 0 0 0 0 0 0 0 0 0 0 0 0 0 0 0 0 0 0 0 0 0 0 0 0 0 0 0
ctxt 63511819
btime 1600744687
processes 70378
procs_running 1
procs_blocked 0
softirq 31290905 5 10861374 34991 5818129 361584 0 14800 8674254 0 5525768
