cpu  1618124 3720 64874 272194965 2283 0 11061 0 0 0
cpu0 120064 141 4437 16990680 42 0 5881 0 0 0
cpu1 112560 0 3934 16999643 1367 0 1722 0 0 0
cpu2 108686 0 3924 17005157 106 0 701 0 0 0
cpu3 107266 0 4484 17004853 90 0 621 0 0 0
cpu4 103748 520 4106 17008971 63 0 224 0 0 0
cpu5 100993 279 3795 17012446 58 0 247 0 0 0
cpu6 98791 339 3941 17015240 65 0 54 0 0 0
cpu7 100531 0 4148 17012873 50 0 204 0 0 0
cpu8 96919 0 4158 17016490 81 0 364 0 0 0
cpu9 99700 666 3511 17014410 49 0 246 0 0 0
cpu10 97408 811 4197 17015453 38 0 220 0 0 0
cpu11 95484 0 3885 17019165 26 0 18 0 0 0
cpu12 95590 334 4161 17016962 129 0 194 0 0 0
cpu13 93504 0 3915 17020317 40 0 8 0 0 0
cpu14 93279 625 4017 17020864 37 0 321 0 0 0
cpu15 93596 1 4256 17021433 35 0 32 0 0 0
intr 36876525 33 0 0 0 0 0 0 0 1 1 0 0 0 0 0 0 0 0 50 0 0 0 0 0 0 0 0 0 0 0 0 2 2 2 2 38 364276 1 774079 637644 595855 893312 636547 541648 884836 571042 0 0 0 0 0 0 0 0 0 9 0 0 9 0 0 16 37 2 3 0 12 0 20 16 0 0 0 0 0 0 0 0 0 0 0 0 0 0 0 0 0 0 0 0 0 0 0 0 0 0 0 0 0 0 0 0 0 0 0 119 0 0 0 0 0 0 0 0 0 0 0 0 0 0 0 0 0 0 0 0 0 0 0 0 0 0 0 0 0 0 0 0 0 0 0 0 0 0 0 0 0 0 0 0 0 0 0 0 0 0 0 0 0 0 0 0 0 0 0 0 0 0 0 0 0 0 0 0 0 0 0 0 0 0 0 0 0 0 0 0 0 0 0 0 0 0 0 0 0 0 0 0 0 0 0 0 0 0 0 0 0 0 0 0 0 0 0 0 0 0 0 0 0 0 0 0 0 0 0 0 0 0 0 0 0 0 0 0 0 0 0 0 0 0 0 0 0 0 0 0 0 0 0 0 0 0 0 0 0 0 0 0 0 0 0 0 0 0 0 0 0 0 0 0 0 0 0 0 0 0 0 0 0 0 0 0 0 0 0 0 0 0 0 0 0 0 0 0 0 0 0 0 0 0 0 0 0 0 0 0 0 0 0 0 0 0 0 0 0 0 0 0 0 0 0 0 0 0 0 0 0 0 0 0 0 0 0 0 0 0 0 0 0 0 0 0 0 0 0 0 0 0 0 0 0 0 0 0 0 0 0 0 0 0 0 0 0 0 0 0 0 0 0 0 0 0 0 0 0 0 0 0 0 0 0 0 0 0 0 0 0 0 0 0 0 0 0 0 0 0 0 0 0 0 0 0 0 0 0 0 0 0 0 0 0 0 0 0 0 0 0 0 0 0 0 0 0 0 0 0 0 0 0 0 0 0 0 0 0 0 0 0 0 0 0 0 0 0 0 0 0 0 0 0 0 0 0 0 0 0 0 0 0 0 0 0 0 0 0 0 0 0 0 0 0 0 0 0 0 0 0 0 0 0 0 0 0 0 0 0 0 0 0 0 0 0 0 0 0 0 0 0 0 0 0 0 0 0 0 0 0 0 0 0 0 0 0 0 0 0 0 0 0 0 0 0 0 0 0 0 0 0 0 0 0 0 0 0 0 0 0 0 0 0 0 0 0 0 0 0 0 0 0 0 0 0
ctxt 63191099
btime 1600744687
processes 62129
procs_running 1
procs_blocked 0
softirq 30452497 5 10537436 34935 5605174 359132 0 14230 8528898 0 5372687
