cpu  1620401 3720 64938 272200033 2283 0 11114 0 0 0
cpu0 120195 141 4438 16991010 42 0 5919 0 0 0
cpu1 112696 0 3936 16999968 1367 0 1732 0 0 0
cpu2 108818 0 3925 17005486 106 0 701 0 0 0
cpu3 107399 0 4485 17005181 90 0 621 0 0 0
cpu4 103884 520 4110 17009295 63 0 224 0 0 0
cpu5 101192 279 3807 17012697 58 0 247 0 0 0
cpu6 98930 339 3947 17015558 65 0 54 0 0 0
cpu7 100657 0 4152 17013203 50 0 208 0 0 0
cpu8 97084 0 4165 17016780 81 0 364 0 0 0
cpu9 99834 666 3514 17014737 49 0 246 0 0 0
cpu10 97576 811 4205 17015741 38 0 220 0 0 0
cpu11 95615 0 3890 17019493 26 0 18 0 0 0
cpu12 95738 334 4164 17017275 129 0 194 0 0 0
cpu13 93639 0 3916 17020643 40 0 8 0 0 0
cpu14 93411 625 4020 17021193 37 0 321 0 0 0
cpu15 93728 1 4258 17021764 35 0 32 0 0 0
intr 36894958 33 0 0 0 0 0 0 0 1 1 0 0 0 0 0 0 0 0 50 0 0 0 0 0 0 0 0 0 0 0 0 2 2 2 2 38 364280 1 777817 637684 597364 893314 636572 541690 884931 571078 0 0 0 0 0 0 0 0 0 9 0 0 9 0 0 16 37 2 3 0 12 0 20 16 0 0 0 0 0 0 0 0 0 0 0 0 0 0 0 0 0 0 0 0 0 0 0 0 0 0 0 0 0 0 0 0 0 0 0 119 0 0 0 0 0 0 0 0 0 0 0 0 0 0 0 0 0 0 0 0 0 0 0 0 0 0 0 0 0 0 0 0 0 0 0 0 0 0 0 0 0 0 0 0 0 0 0 0 0 0 0 0 0 0 0 0 0 0 0 0 0 0 0 0 0 0 0 0 0 0 0 0 0 0 0 0 0 0 0 0 0 0 0 0 0 0 0 0 0 0 0 0 0 0 0 0 0 0 0 0 0 0 0 0 0 0 0 0 0 0 0 0 0 0 0 0 0 0 0 0 0 0 0 0 0 0 0 0 0 0 0 0 0 0 0 0 0 0 0 0 0 0 0 0 0 0 0 0 0 0 0 0 0 0 0 0 0 0 0 0 0 0 0 0 0 0 0 0 0 0 0 0 0 0 0 0 0 0 0 0 0 0 0 0 0 0 0 0 0 0 0 0 0 0 0 0 0 0 0 0 0 0 0 0 0 0 0 0 0 0 0 0 0 0 0 0 0 0 0 0 0 0 0 0 0 0 0 0 0 0 0 0 0 0 0 0 0 0 0 0 0 0 0 0 0 0 0 0 0 0 0 0 0 0 0 0 0 0 0 0 0 0 0 0 0 0 0 0 0 0 0 0 0 0 0 0 0 0 0 0 0 0 0 0 0 0 0 0 0 0 0 0 0 0 0 0 0 0 0 0 0 0 0 0 0 0 0 0 0 0 0 0 0 0 0 0 0 0 0 0 0 0 0 0 0 0 0 0 0 0 0 0 0 0 0 0 0 0 0 0 0 0 0 0 0 0 0 0 0 0 0 0 0 0 0 0 0 0 0 0 0 0 0 0 0 0 0 0 0 0 0 0 0 0 0 0 0 0 0 0 0 0 0 0 0 0 0 0 0 0 0 0 0 0 0 0 0 0 0 0 0 0 0 0 0 0 0 0 0 0 0 0 0 0 0 0 0 0 0 0 0 0 0 0 0 0 0 0 0 0 0 0 0 0 0 0 0 0 0 0 0 0 0 0 0 0
ctxt 63200838
btime 1600744687
processes 62466
procs_running 1
procs_blocked 0
softirq 30479854 5 10547609 34936 5610661 359136 0 14246 8534652 0 5378609
