cpu  1579564 3720 63463 271068289 2274 0 9980 0 0 0
cpu0 117537 141 4328 16920408 41 0 5202 0 0 0
cpu1 110141 0 3842 16929239 1363 0 1532 0 0 0
cpu2 106337 0 3845 16934673 105 0 604 0 0 0
cpu3 104950 0 4417 16934325 89 0 573 0 0 0
cpu4 101552 520 4052 16938300 63 0 209 0 0 0
cpu5 98681 279 3716 16941927 57 0 237 0 0 0
cpu6 96442 339 3873 16944728 65 0 52 0 0 0
cpu7 97953 0 4028 16942653 50 0 196 0 0 0
cpu8 94306 0 4061 16946274 80 0 358 0 0 0
cpu9 97414 666 3431 16943879 49 0 234 0 0 0
cpu10 94874 811 4083 16945196 38 0 213 0 0 0
cpu11 93118 0 3814 16948686 26 0 18 0 0 0
cpu12 93220 334 4092 16946499 129 0 190 0 0 0
cpu13 91123 0 3820 16949857 40 0 8 0 0 0
cpu14 90822 625 3897 16950526 37 0 316 0 0 0
cpu15 91088 1 4159 16951113 35 0 32 0 0 0
intr 36455864 33 0 0 0 0 0 0 0 1 1 0 0 0 0 0 0 0 0 50 0 0 0 0 0 0 0 0 0 0 0 0 2 2 2 2 38 361923 1 760526 624719 579914 885422 624742 527598 878981 548313 0 0 0 0 0 0 0 0 0 9 0 0 9 0 0 16 37 2 3 0 12 0 20 16 0 0 0 0 0 0 0 0 0 0 0 0 0 0 0 0 0 0 0 0 0 0 0 0 0 0 0 0 0 0 0 0 0 0 0 119 0 0 0 0 0 0 0 0 0 0 0 0 0 0 0 0 0 0 0 0 0 0 0 0 0 0 0 0 0 0 0 0 0 0 0 0 0 0 0 0 0 0 0 0 0 0 0 0 0 0 0 0 0 0 0 0 0 0 0 0 0 0 0 0 0 0 0 0 0 0 0 0 0 0 0 0 0 0 0 0 0 0 0 0 0 0 0 0 0 0 0 0 0 0 0 0 0 0 0 0 0 0 0 0 0 0 0 0 0 0 0 0 0 0 0 0 0 0 0 0 0 0 0 0 0 0 0 0 0 0 0 0 0 0 0 0 0 0 0 0 0 0 0 0 0 0 0 0 0 0 0 0 0 0 0 0 0 0 0 0 0 0 0 0 0 0 0 0 0 0 0 0 0 0 0 0 0 0 0 0 0 0 0 0 0 0 0 0 0 0 0 0 0 0 0 0 0 0 0 0 0 0 0 0 0 0 0 0 0 0 0 0 0 0 0 0 0 0 0 0 0 0 0 0 0 0 0 0 0 0 0 0 0 0 0 0 0 0 0 0 0 0 0 0 0 0 0 0 0 0 0 0 0 0 0 0 0 0 0 0 0 0 0 0 0 0 0 0 0 0 0 0 0 0 0 0 0 0 0 0 0 0 0 0 0 0 0 0 0 0 0 0 0 0 0 0 0 0 0 0 0 0 0 0 0 0 0 0 0 0 0 0 0 0 0 0 0 0 0 0 0 0 0 0 0 0 0 0 0 0 0 0 0 0 0 0 0 0 0 0 0 0 0 0 0 0 0 0 0 0 0 0 0 0 0 0 0 0 0 0 0 0 0 0 0 0 0 0 0 0 0 0 0 0 0 0 0 0 0 0 0 0 0 0 0 0 0 0 0 0 0 0 0 0 0 0 0 0 0 0 0 0 0 0 0 0 0 0 0 0 0 0 0 0 0 0 0 0 0 0 0 0 0 0 0 0 0 0 0 0 0 0 0 0 0 0 0 0 0 0 0 0 0 0 0 0
ctxt 62841766
btime 1600744687
processes 54503
procs_running 1
procs_blocked 0
softirq 29838892 5 10324928 34791 5500426 356825 0 13986 8367309 0 5240622
