cpu  1576192 3720 63333 271042259 2273 0 9884 0 0 0
cpu0 117376 141 4326 16918732 41 0 5130 0 0 0
cpu1 109921 0 3829 16927628 1362 0 1516 0 0 0
cpu2 106132 0 3831 16933048 105 0 601 0 0 0
cpu3 104791 0 4408 16932647 89 0 572 0 0 0
cpu4 101370 520 4039 16936649 63 0 207 0 0 0
cpu5 98420 279 3703 16940352 57 0 237 0 0 0
cpu6 96191 339 3865 16943136 65 0 52 0 0 0
cpu7 97735 0 4025 16941024 50 0 196 0 0 0
cpu8 94092 0 4054 16944644 80 0 358 0 0 0
cpu9 97273 666 3423 16942187 49 0 234 0 0 0
cpu10 94655 811 4079 16943582 38 0 212 0 0 0
cpu11 92854 0 3808 16947108 26 0 18 0 0 0
cpu12 93016 334 4087 16944864 129 0 190 0 0 0
cpu13 90920 0 3812 16948219 40 0 8 0 0 0
cpu14 90623 625 3893 16948884 37 0 316 0 0 0
cpu15 90817 1 4145 16949546 35 0 32 0 0 0
intr 36417526 33 0 0 0 0 0 0 0 1 1 0 0 0 0 0 0 0 0 50 0 0 0 0 0 0 0 0 0 0 0 0 2 2 2 2 38 361582 1 760420 622828 575892 881438 624697 525839 878972 548264 0 0 0 0 0 0 0 0 0 9 0 0 9 0 0 16 37 2 3 0 12 0 20 16 0 0 0 0 0 0 0 0 0 0 0 0 0 0 0 0 0 0 0 0 0 0 0 0 0 0 0 0 0 0 0 0 0 0 0 119 0 0 0 0 0 0 0 0 0 0 0 0 0 0 0 0 0 0 0 0 0 0 0 0 0 0 0 0 0 0 0 0 0 0 0 0 0 0 0 0 0 0 0 0 0 0 0 0 0 0 0 0 0 0 0 0 0 0 0 0 0 0 0 0 0 0 0 0 0 0 0 0 0 0 0 0 0 0 0 0 0 0 0 0 0 0 0 0 0 0 0 0 0 0 0 0 0 0 0 0 0 0 0 0 0 0 0 0 0 0 0 0 0 0 0 0 0 0 0 0 0 0 0 0 0 0 0 0 0 0 0 0 0 0 0 0 0 0 0 0 0 0 0 0 0 0 0 0 0 0 0 0 0 0 0 0 0 0 0 0 0 0 0 0 0 0 0 0 0 0 0 0 0 0 0 0 0 0 0 0 0 0 0 0 0 0 0 0 0 0 0 0 0 0 0 0 0 0 0 0 0 0 0 0 0 0 0 0 0 0 0 0 0 0 0 0 0 0 0 0 0 0 0 0 0 0 0 0 0 0 0 0 0 0 0 0 0 0 0 0 0 0 0 0 0 0 0 0 0 0 0 0 0 0 0 0 0 0 0 0 0 0 0 0 0 0 0 0 0 0 0 0 0 0 0 0 0 0 0 0 0 0 0 0 0 0 0 0 0 0 0 0 0 0 0 0 0 0 0 0 0 0 0 0 0 0 0 0 0 0 0 0 0 0 0 0 0 0 0 0 0 0 0 0 0 0 0 0 0 0 0 0 0 0 0 0 0 0 0 0 0 0 0 0 0 0 0 0 0 0 0 0 0 0 0 0 0 0 0 0 0 0 0 0 0 0 0 0 0 0 0 0 0 0 0 0 0 0 0 0 0 0 0 0 0 0 0 0 0 0 0 0 0 0 0 0 0 0 0 0 0 0 0 0 0 0 0 0 0 0 0 0 0 0 0 0 0 0 0 0 0 0 0 0 0 0 0 0 0 0 0 0 0 0 0 0 0 0 0 0 0 0 0 0 0 0
ctxt 62814446
btime 1600744687
processes 53831
procs_running 1
procs_blocked 0
softirq 29777667 5 10305289 34787 5488561 356493 0 13972 8349304 0 5229256
