cpu  1759710 3720 66953 272572514 2291 0 12474 0 0 0
cpu0 129200 141 4580 17013965 42 0 6655 0 0 0
cpu1 121280 0 4032 17023391 1373 0 2052 0 0 0
cpu2 117493 0 4036 17028820 107 0 778 0 0 0
cpu3 116018 0 4607 17028548 90 0 678 0 0 0
cpu4 112632 520 4227 17032560 63 0 241 0 0 0
cpu5 109873 279 3936 17036008 58 0 263 0 0 0
cpu6 107658 339 4065 17038829 65 0 58 0 0 0
cpu7 109241 0 4278 17036577 50 0 257 0 0 0
cpu8 105874 0 4304 17039959 81 0 378 0 0 0
cpu9 108574 666 3641 17037982 49 0 262 0 0 0
cpu10 106315 811 4348 17038976 38 0 239 0 0 0
cpu11 104334 0 4036 17042755 26 0 18 0 0 0
cpu12 104272 334 4310 17040697 129 0 209 0 0 0
cpu13 102198 0 4015 17044103 40 0 8 0 0 0
cpu14 102005 625 4116 17044611 37 0 340 0 0 0
cpu15 102738 1 4415 17044724 36 0 32 0 0 0
intr 37805847 33 0 0 0 0 0 0 0 1 1 0 0 0 0 0 0 0 0 50 0 0 0 0 0 0 0 0 0 0 0 0 2 2 2 2 38 367150 1 806972 685002 681021 935969 658911 586243 920294 599614 0 0 0 0 0 0 0 0 0 9 0 0 9 0 0 16 37 2 3 0 12 0 20 16 0 0 0 0 0 0 0 0 0 0 0 0 0 0 0 0 0 0 0 0 0 0 0 0 0 0 0 0 0 0 0 0 0 0 0 119 0 0 0 0 0 0 0 0 0 0 0 0 0 0 0 0 0 0 0 0 0 0 0 0 0 0 0 0 0 0 0 0 0 0 0 0 0 0 0 0 0 0 0 0 0 0 0 0 0 0 0 0 0 0 0 0 0 0 0 0 0 0 0 0 0 0 0 0 0 0 0 0 0 0 0 0 0 0 0 0 0 0 0 0 0 0 0 0 0 0 0 0 0 0 0 0 0 0 0 0 0 0 0 0 0 0 0 0 0 0 0 0 0 0 0 0 0 0 0 0 0 0 0 0 0 0 0 0 0 0 0 0 0 0 0 0 0 0 0 0 0 0 0 0 0 0 0 0 0 0 0 0 0 0 0 0 0 0 0 0 0 0 0 0 0 0 0 0 0 0 0 0 0 0 0 0 0 0 0 0 0 0 0 0 0 0 0 0 0 0 0 0 0 0 0 0 0 0 0 0 0 0 0 0 0 0 0 0 0 0 0 0 0 0 0 0 0 0 0 0 0 0 0 0 0 0 0 0 0 0 0 0 0 0 0 0 0 0 0 0 0 0 0 0 0 0 0 0 0 0 0 0 0 0 0 0 0 0 0 0 0 0 0 0 0 0 0 0 0 0 0 0 0 0 0 0 0 0 0 0 0 0 0 0 0 0 0 0 0 0 0 0 0 0 0 0 0 0 0 0 0 0 0 0 0 0 0 0 0 0 0 0 0 0 0 0 0 0 0 0 0 0 0 0 0 0 0 0 0 0 0 0 0 0 0 0 0 0 0 0 0 0 0 0 0 0 0 0 0 0 0 0 0 0 0 0 0 0 0 0 0 0 0 0 0 0 0 0 0 0 0 0 0 0 0 0 0 0 0 0 0 0 0 0 0 0 0 0 0 0 0 0 0 0 0 0 0 0 0 0 0 0 0 0 0 0 0 0 0 0 0 0 0 0 0 0 0 0 0 0 0 0 0 0 0 0 0 0 0 0 0 0 0 0 0 0 0 0 0 0 0 0 0 0 0 0
ctxt 63620241
btime 1600744687
processes 71891
procs_running 1
procs_blocked 0
softirq 31629699 5 11007278 35001 5944237 361985 0 15020 8705480 0 5560693
