cpu  1588448 3720 63735 271106933 2276 0 10254 0 0 0
cpu0 118069 141 4343 16922849 42 0 5381 0 0 0
cpu1 110697 0 3858 16931656 1364 0 1591 0 0 0
cpu2 106891 0 3861 16937091 105 0 620 0 0 0
cpu3 105495 0 4438 16936741 89 0 585 0 0 0
cpu4 101999 520 4064 16940827 63 0 210 0 0 0
cpu5 99233 279 3733 16944342 57 0 238 0 0 0
cpu6 97042 339 3891 16947099 65 0 52 0 0 0
cpu7 98450 0 4048 16945120 50 0 200 0 0 0
cpu8 94907 0 4075 16948651 80 0 358 0 0 0
cpu9 97939 666 3444 16946326 49 0 234 0 0 0
cpu10 95471 811 4103 16947569 38 0 214 0 0 0
cpu11 93648 0 3823 16951132 26 0 18 0 0 0
cpu12 93758 334 4103 16948933 129 0 190 0 0 0
cpu13 91707 0 3845 16952242 40 0 8 0 0 0
cpu14 91416 625 3916 16952909 37 0 316 0 0 0
cpu15 91720 1 4186 16953441 35 0 32 0 0 0
intr 36545145 33 0 0 0 0 0 0 0 1 1 0 0 0 0 0 0 0 0 50 0 0 0 0 0 0 0 0 0 0 0 0 2 2 2 2 38 362626 1 770012 624828 591037 887269 626573 531623 879071 548484 0 0 0 0 0 0 0 0 0 9 0 0 9 0 0 16 37 2 3 0 12 0 20 16 0 0 0 0 0 0 0 0 0 0 0 0 0 0 0 0 0 0 0 0 0 0 0 0 0 0 0 0 0 0 0 0 0 0 0 119 0 0 0 0 0 0 0 0 0 0 0 0 0 0 0 0 0 0 0 0 0 0 0 0 0 0 0 0 0 0 0 0 0 0 0 0 0 0 0 0 0 0 0 0 0 0 0 0 0 0 0 0 0 0 0 0 0 0 0 0 0 0 0 0 0 0 0 0 0 0 0 0 0 0 0 0 0 0 0 0 0 0 0 0 0 0 0 0 0 0 0 0 0 0 0 0 0 0 0 0 0 0 0 0 0 0 0 0 0 0 0 0 0 0 0 0 0 0 0 0 0 0 0 0 0 0 0 0 0 0 0 0 0 0 0 0 0 0 0 0 0 0 0 0 0 0 0 0 0 0 0 0 0 0 0 0 0 0 0 0 0 0 0 0 0 0 0 0 0 0 0 0 0 0 0 0 0 0 0 0 0 0 0 0 0 0 0 0 0 0 0 0 0 0 0 0 0 0 0 0 0 0 0 0 0 0 0 0 0 0 0 0 0 0 0 0 0 0 0 0 0 0 0 0 0 0 0 0 0 0 0 0 0 0 0 0 0 0 0 0 0 0 0 0 0 0 0 0 0 0 0 0 0 0 0 0 0 0 0 0 0 0 0 0 0 0 0 0 0 0 0 0 0 0 0 0 0 0 0 0 0 0 0 0 0 0 0 0 0 0 0 0 0 0 0 0 0 0 0 0 0 0 0 0 0 0 0 0 0 0 0 0 0 0 0 0 0 0 0 0 0 0 0 0 0 0 0 0 0 0 0 0 0 0 0 0 0 0 0 0 0 0 0 0 0 0 0 0 0 0 0 0 0 0 0 0 0 0 0 0 0 0 0 0 0 0 0 0 0 0 0 0 0 0 0 0 0 0 0 0 0 0 0 0 0 0 0 0 0 0 0 0 0 0 0 0 0 0 0 0 0 0 0 0 0 0 0 0 0 0 0 0 0 0 0 0 0 0 0 0 0 0 0 0 0 0 0 0 0 0 0 0 0 0 0 0 0 0 0 0 0 0 0 0 0 0
ctxt 62904355
btime 1600744687
processes 56021
procs_running 1
procs_blocked 0
softirq 29979347 5 10370866 34796 5529108 357525 0 14029 8407090 0 5265928
