cpu  1586692 3720 63700 271102667 2276 0 10218 0 0 0
cpu0 117954 141 4340 16922587 42 0 5360 0 0 0
cpu1 110588 0 3857 16931391 1364 0 1580 0 0 0
cpu2 106780 0 3858 16936825 105 0 620 0 0 0
cpu3 105391 0 4436 16936467 89 0 585 0 0 0
cpu4 101898 520 4063 16940551 63 0 210 0 0 0
cpu5 99133 279 3731 16944062 57 0 238 0 0 0
cpu6 96944 339 3890 16946819 65 0 52 0 0 0
cpu7 98388 0 4046 16944807 50 0 198 0 0 0
cpu8 94792 0 4069 16948391 80 0 358 0 0 0
cpu9 97836 666 3442 16946053 49 0 234 0 0 0
cpu10 95349 811 4102 16947314 38 0 214 0 0 0
cpu11 93528 0 3822 16950877 26 0 18 0 0 0
cpu12 93642 334 4102 16948673 129 0 190 0 0 0
cpu13 91600 0 3842 16951973 40 0 8 0 0 0
cpu14 91298 625 3914 16952647 37 0 316 0 0 0
cpu15 91566 1 4179 16953223 35 0 32 0 0 0
intr 36530162 33 0 0 0 0 0 0 0 1 1 0 0 0 0 0 0 0 0 50 0 0 0 0 0 0 0 0 0 0 0 0 2 2 2 2 38 362346 1 766199 624826 589385 887261 626556 531602 879069 548413 0 0 0 0 0 0 0 0 0 9 0 0 9 0 0 16 37 2 3 0 12 0 20 16 0 0 0 0 0 0 0 0 0 0 0 0 0 0 0 0 0 0 0 0 0 0 0 0 0 0 0 0 0 0 0 0 0 0 0 119 0 0 0 0 0 0 0 0 0 0 0 0 0 0 0 0 0 0 0 0 0 0 0 0 0 0 0 0 0 0 0 0 0 0 0 0 0 0 0 0 0 0 0 0 0 0 0 0 0 0 0 0 0 0 0 0 0 0 0 0 0 0 0 0 0 0 0 0 0 0 0 0 0 0 0 0 0 0 0 0 0 0 0 0 0 0 0 0 0 0 0 0 0 0 0 0 0 0 0 0 0 0 0 0 0 0 0 0 0 0 0 0 0 0 0 0 0 0 0 0 0 0 0 0 0 0 0 0 0 0 0 0 0 0 0 0 0 0 0 0 0 0 0 0 0 0 0 0 0 0 0 0 0 0 0 0 0 0 0 0 0 0 0 0 0 0 0 0 0 0 0 0 0 0 0 0 0 0 0 0 0 0 0 0 0 0 0 0 0 0 0 0 0 0 0 0 0 0 0 0 0 0 0 0 0 0 0 0 0 0 0 0 0 0 0 0 0 0 0 0 0 0 0 0 0 0 0 0 0 0 0 0 0 0 0 0 0 0 0 0 0 0 0 0 0 0 0 0 0 0 0 0 0 0 0 0 0 0 0 0 0 0 0 0 0 0 0 0 0 0 0 0 0 0 0 0 0 0 0 0 0 0 0 0 0 0 0 0 0 0 0 0 0 0 0 0 0 0 0 0 0 0 0 0 0 0 0 0 0 0 0 0 0 0 0 0 0 0 0 0 0 0 0 0 0 0 0 0 0 0 0 0 0 0 0 0 0 0 0 0 0 0 0 0 0 0 0 0 0 0 0 0 0 0 0 0 0 0 0 0 0 0 0 0 0 0 0 0 0 0 0 0 0 0 0 0 0 0 0 0 0 0 0 0 0 0 0 0 0 0 0 0 0 0 0 0 0 0 0 0 0 0 0 0 0 0 0 0 0 0 0 0 0 0 0 0 0 0 0 0 0 0 0 0 0 0 0 0 0 0 0 0 0 0 0 0 0 0 0 0 0 0 0 0 0 0
ctxt 62894166
btime 1600744687
processes 55853
procs_running 1
procs_blocked 0
softirq 29957591 5 10363686 34796 5523522 357246 0 14017 8401430 0 5262889
