cpu  1596848 3720 64066 271207796 2278 0 10519 0 0 0
cpu0 118648 141 4371 16929089 42 0 5538 0 0 0
cpu1 111215 0 3881 16937963 1364 0 1626 0 0 0
cpu2 107352 0 3876 16943465 106 0 659 0 0 0
cpu3 106010 0 4455 16943064 90 0 596 0 0 0
cpu4 102479 520 4078 16947183 63 0 216 0 0 0
cpu5 99736 279 3749 16950668 57 0 244 0 0 0
cpu6 97528 339 3901 16953456 65 0 52 0 0 0
cpu7 99089 0 4086 16951291 50 0 202 0 0 0
cpu8 95480 0 4102 16954903 80 0 362 0 0 0
cpu9 98389 666 3458 16952704 49 0 236 0 0 0
cpu10 96027 811 4124 16953844 38 0 214 0 0 0
cpu11 94170 0 3839 16957439 26 0 18 0 0 0
cpu12 94302 334 4124 16955213 129 0 192 0 0 0
cpu13 92210 0 3868 16958572 40 0 8 0 0 0
cpu14 91948 625 3942 16959202 37 0 318 0 0 0
cpu15 92259 1 4206 16959733 35 0 32 0 0 0
intr 36633107 33 0 0 0 0 0 0 0 1 1 0 0 0 0 0 0 0 0 50 0 0 0 0 0 0 0 0 0 0 0 0 2 2 2 2 38 362896 1 771823 632524 595033 887431 628441 535452 880902 550338 0 0 0 0 0 0 0 0 0 9 0 0 9 0 0 16 37 2 3 0 12 0 20 16 0 0 0 0 0 0 0 0 0 0 0 0 0 0 0 0 0 0 0 0 0 0 0 0 0 0 0 0 0 0 0 0 0 0 0 119 0 0 0 0 0 0 0 0 0 0 0 0 0 0 0 0 0 0 0 0 0 0 0 0 0 0 0 0 0 0 0 0 0 0 0 0 0 0 0 0 0 0 0 0 0 0 0 0 0 0 0 0 0 0 0 0 0 0 0 0 0 0 0 0 0 0 0 0 0 0 0 0 0 0 0 0 0 0 0 0 0 0 0 0 0 0 0 0 0 0 0 0 0 0 0 0 0 0 0 0 0 0 0 0 0 0 0 0 0 0 0 0 0 0 0 0 0 0 0 0 0 0 0 0 0 0 0 0 0 0 0 0 0 0 0 0 0 0 0 0 0 0 0 0 0 0 0 0 0 0 0 0 0 0 0 0 0 0 0 0 0 0 0 0 0 0 0 0 0 0 0 0 0 0 0 0 0 0 0 0 0 0 0 0 0 0 0 0 0 0 0 0 0 0 0 0 0 0 0 0 0 0 0 0 0 0 0 0 0 0 0 0 0 0 0 0 0 0 0 0 0 0 0 0 0 0 0 0 0 0 0 0 0 0 0 0 0 0 0 0 0 0 0 0 0 0 0 0 0 0 0 0 0 0 0 0 0 0 0 0 0 0 0 0 0 0 0 0 0 0 0 0 0 0 0 0 0 0 0 0 0 0 0 0 0 0 0 0 0 0 0 0 0 0 0 0 0 0 0 0 0 0 0 0 0 0 0 0 0 0 0 0 0 0 0 0 0 0 0 0 0 0 0 0 0 0 0 0 0 0 0 0 0 0 0 0 0 0 0 0 0 0 0 0 0 0 0 0 0 0 0 0 0 0 0 0 0 0 0 0 0 0 0 0 0 0 0 0 0 0 0 0 0 0 0 0 0 0 0 0 0 0 0 0 0 0 0 0 0 0 0 0 0 0 0 0 0 0 0 0 0 0 0 0 0 0 0 0 0 0 0 0 0 0 0 0 0 0 0 0 0 0 0 0 0 0 0 0 0 0 0 0 0 0 0 0 0 0 0 0 0 0 0 0 0 0
ctxt 62970210
btime 1600744687
processes 57873
procs_running 1
procs_blocked 0
softirq 30121996 5 10418986 34810 5552155 357779 0 14079 8447253 0 5296929
