cpu  1584749 3720 63621 271092528 2276 0 10143 0 0 0
cpu0 117831 141 4338 16921954 42 0 5304 0 0 0
cpu1 110434 0 3849 16930793 1364 0 1568 0 0 0
cpu2 106632 0 3850 16936222 105 0 613 0 0 0
cpu3 105226 0 4428 16935881 89 0 584 0 0 0
cpu4 101785 520 4058 16939909 63 0 210 0 0 0
cpu5 99036 279 3730 16943400 57 0 238 0 0 0
cpu6 96799 339 3885 16946209 65 0 52 0 0 0
cpu7 98242 0 4038 16944202 50 0 198 0 0 0
cpu8 94697 0 4068 16947728 80 0 358 0 0 0
cpu9 97729 666 3439 16945403 49 0 234 0 0 0
cpu10 95221 811 4096 16946688 38 0 213 0 0 0
cpu11 93428 0 3819 16950218 26 0 18 0 0 0
cpu12 93536 334 4100 16948023 129 0 190 0 0 0
cpu13 91534 0 3836 16951283 40 0 8 0 0 0
cpu14 91180 625 3910 16952006 37 0 316 0 0 0
cpu15 91434 1 4172 16952600 35 0 32 0 0 0
intr 36508545 33 0 0 0 0 0 0 0 1 1 0 0 0 0 0 0 0 0 50 0 0 0 0 0 0 0 0 0 0 0 0 2 2 2 2 38 362332 1 764505 624818 589330 887168 626497 527691 879045 548394 0 0 0 0 0 0 0 0 0 9 0 0 9 0 0 16 37 2 3 0 12 0 20 16 0 0 0 0 0 0 0 0 0 0 0 0 0 0 0 0 0 0 0 0 0 0 0 0 0 0 0 0 0 0 0 0 0 0 0 119 0 0 0 0 0 0 0 0 0 0 0 0 0 0 0 0 0 0 0 0 0 0 0 0 0 0 0 0 0 0 0 0 0 0 0 0 0 0 0 0 0 0 0 0 0 0 0 0 0 0 0 0 0 0 0 0 0 0 0 0 0 0 0 0 0 0 0 0 0 0 0 0 0 0 0 0 0 0 0 0 0 0 0 0 0 0 0 0 0 0 0 0 0 0 0 0 0 0 0 0 0 0 0 0 0 0 0 0 0 0 0 0 0 0 0 0 0 0 0 0 0 0 0 0 0 0 0 0 0 0 0 0 0 0 0 0 0 0 0 0 0 0 0 0 0 0 0 0 0 0 0 0 0 0 0 0 0 0 0 0 0 0 0 0 0 0 0 0 0 0 0 0 0 0 0 0 0 0 0 0 0 0 0 0 0 0 0 0 0 0 0 0 0 0 0 0 0 0 0 0 0 0 0 0 0 0 0 0 0 0 0 0 0 0 0 0 0 0 0 0 0 0 0 0 0 0 0 0 0 0 0 0 0 0 0 0 0 0 0 0 0 0 0 0 0 0 0 0 0 0 0 0 0 0 0 0 0 0 0 0 0 0 0 0 0 0 0 0 0 0 0 0 0 0 0 0 0 0 0 0 0 0 0 0 0 0 0 0 0 0 0 0 0 0 0 0 0 0 0 0 0 0 0 0 0 0 0 0 0 0 0 0 0 0 0 0 0 0 0 0 0 0 0 0 0 0 0 0 0 0 0 0 0 0 0 0 0 0 0 0 0 0 0 0 0 0 0 0 0 0 0 0 0 0 0 0 0 0 0 0 0 0 0 0 0 0 0 0 0 0 0 0 0 0 0 0 0 0 0 0 0 0 0 0 0 0 0 0 0 0 0 0 0 0 0 0 0 0 0 0 0 0 0 0 0 0 0 0 0 0 0 0 0 0 0 0 0 0 0 0 0 0 0 0 0 0 0 0 0 0 0 0 0 0 0 0 0 0 0 0 0 0 0 0 0 0
ctxt 62878614
btime 1600744687
processes 55348
procs_running 1
procs_blocked 0
softirq 29920415 5 10351576 34794 5517659 357232 0 14005 8390616 0 5254528
