cpu  1613566 3720 64756 272184976 2283 0 10958 0 0 0
cpu0 119764 141 4432 16990068 42 0 5814 0 0 0
cpu1 112292 0 3930 16998998 1367 0 1700 0 0 0
cpu2 108374 0 3913 17004565 106 0 698 0 0 0
cpu3 107012 0 4477 17004200 90 0 614 0 0 0
cpu4 103486 520 4102 17008321 63 0 223 0 0 0
cpu5 100686 279 3786 17011848 58 0 246 0 0 0
cpu6 98523 339 3934 17014595 65 0 54 0 0 0
cpu7 100229 0 4140 17012265 50 0 204 0 0 0
cpu8 96644 0 4149 17015854 81 0 364 0 0 0
cpu9 99418 666 3506 17013782 49 0 246 0 0 0
cpu10 97052 811 4178 17014913 38 0 217 0 0 0
cpu11 95184 0 3875 17018558 26 0 18 0 0 0
cpu12 95321 334 4158 17016317 129 0 194 0 0 0
cpu13 93242 0 3912 17019665 40 0 8 0 0 0
cpu14 93006 625 4008 17020227 37 0 321 0 0 0
cpu15 93326 1 4250 17020793 35 0 32 0 0 0
intr 36839850 33 0 0 0 0 0 0 0 1 1 0 0 0 0 0 0 0 0 50 0 0 0 0 0 0 0 0 0 0 0 0 2 2 2 2 38 364272 1 774052 637620 595717 888001 636492 539917 884708 567279 0 0 0 0 0 0 0 0 0 9 0 0 9 0 0 16 37 2 3 0 12 0 20 16 0 0 0 0 0 0 0 0 0 0 0 0 0 0 0 0 0 0 0 0 0 0 0 0 0 0 0 0 0 0 0 0 0 0 0 119 0 0 0 0 0 0 0 0 0 0 0 0 0 0 0 0 0 0 0 0 0 0 0 0 0 0 0 0 0 0 0 0 0 0 0 0 0 0 0 0 0 0 0 0 0 0 0 0 0 0 0 0 0 0 0 0 0 0 0 0 0 0 0 0 0 0 0 0 0 0 0 0 0 0 0 0 0 0 0 0 0 0 0 0 0 0 0 0 0 0 0 0 0 0 0 0 0 0 0 0 0 0 0 0 0 0 0 0 0 0 0 0 0 0 0 0 0 0 0 0 0 0 0 0 0 0 0 0 0 0 0 0 0 0 0 0 0 0 0 0 0 0 0 0 0 0 0 0 0 0 0 0 0 0 0 0 0 0 0 0 0 0 0 0 0 0 0 0 0 0 0 0 0 0 0 0 0 0 0 0 0 0 0 0 0 0 0 0 0 0 0 0 0 0 0 0 0 0 0 0 0 0 0 0 0 0 0 0 0 0 0 0 0 0 0 0 0 0 0 0 0 0 0 0 0 0 0 0 0 0 0 0 0 0 0 0 0 0 0 0 0 0 0 0 0 0 0 0 0 0 0 0 0 0 0 0 0 0 0 0 0 0 0 0 0 0 0 0 0 0 0 0 0 0 0 0 0 0 0 0 0 0 0 0 0 0 0 0 0 0 0 0 0 0 0 0 0 0 0 0 0 0 0 0 0 0 0 0 0 0 0 0 0 0 0 0 0 0 0 0 0 0 0 0 0 0 0 0 0 0 0 0 0 0 0 0 0 0 0 0 0 0 0 0 0 0 0 0 0 0 0 0 0 0 0 0 0 0 0 0 0 0 0 0 0 0 0 0 0 0 0 0 0 0 0 0 0 0 0 0 0 0 0 0 0 0 0 0 0 0 0 0 0 0 0 0 0 0 0 0 0 0 0 0 0 0 0 0 0 0 0 0 0 0 0 0 0 0 0 0 0 0 0 0 0 0 0 0 0 0 0 0 0 0 0 0 0 0 0 0 0 0 0 0 0 0
ctxt 63171090
btime 1600744687
processes 61455
procs_running 1
procs_blocked 0
softirq 30396787 5 10517156 34933 5593997 359128 0 14175 8517321 0 5360072
