cpu  1669321 3720 65936 272381307 2287 0 11833 0 0 0
cpu0 123454 141 4520 17002110 42 0 6307 0 0 0
cpu1 115681 0 3980 17011379 1371 0 1915 0 0 0
cpu2 111817 0 3976 17016892 106 0 746 0 0 0
cpu3 110430 0 4546 17016539 90 0 653 0 0 0
cpu4 106992 520 4171 17020589 63 0 235 0 0 0
cpu5 104287 279 3875 17023992 58 0 252 0 0 0
cpu6 102050 339 4012 17026823 65 0 56 0 0 0
cpu7 103670 0 4218 17024569 50 0 222 0 0 0
cpu8 100154 0 4230 17028087 81 0 372 0 0 0
cpu9 102957 666 3589 17025979 49 0 259 0 0 0
cpu10 100625 811 4268 17027083 38 0 224 0 0 0
cpu11 98584 0 3963 17030904 26 0 18 0 0 0
cpu12 98666 334 4218 17028739 129 0 199 0 0 0
cpu13 96559 0 3952 17032140 40 0 8 0 0 0
cpu14 96337 625 4060 17032673 37 0 329 0 0 0
cpu15 97050 1 4352 17032802 36 0 32 0 0 0
intr 37252152 33 0 0 0 0 0 0 0 1 1 0 0 0 0 0 0 0 0 50 0 0 0 0 0 0 0 0 0 0 0 0 2 2 2 2 38 365758 1 792424 665893 617811 904013 645761 557465 897799 577669 0 0 0 0 0 0 0 0 0 9 0 0 9 0 0 16 37 2 3 0 12 0 20 16 0 0 0 0 0 0 0 0 0 0 0 0 0 0 0 0 0 0 0 0 0 0 0 0 0 0 0 0 0 0 0 0 0 0 0 119 0 0 0 0 0 0 0 0 0 0 0 0 0 0 0 0 0 0 0 0 0 0 0 0 0 0 0 0 0 0 0 0 0 0 0 0 0 0 0 0 0 0 0 0 0 0 0 0 0 0 0 0 0 0 0 0 0 0 0 0 0 0 0 0 0 0 0 0 0 0 0 0 0 0 0 0 0 0 0 0 0 0 0 0 0 0 0 0 0 0 0 0 0 0 0 0 0 0 0 0 0 0 0 0 0 0 0 0 0 0 0 0 0 0 0 0 0 0 0 0 0 0 0 0 0 0 0 0 0 0 0 0 0 0 0 0 0 0 0 0 0 0 0 0 0 0 0 0 0 0 0 0 0 0 0 0 0 0 0 0 0 0 0 0 0 0 0 0 0 0 0 0 0 0 0 0 0 0 0 0 0 0 0 0 0 0 0 0 0 0 0 0 0 0 0 0 0 0 0 0 0 0 0 0 0 0 0 0 0 0 0 0 0 0 0 0 0 0 0 0 0 0 0 0 0 0 0 0 0 0 0 0 0 0 0 0 0 0 0 0 0 0 0 0 0 0 0 0 0 0 0 0 0 0 0 0 0 0 0 0 0 0 0 0 0 0 0 0 0 0 0 0 0 0 0 0 0 0 0 0 0 0 0 0 0 0 0 0 0 0 0 0 0 0 0 0 0 0 0 0 0 0 0 0 0 0 0 0 0 0 0 0 0 0 0 0 0 0 0 0 0 0 0 0 0 0 0 0 0 0 0 0 0 0 0 0 0 0 0 0 0 0 0 0 0 0 0 0 0 0 0 0 0 0 0 0 0 0 0 0 0 0 0 0 0 0 0 0 0 0 0 0 0 0 0 0 0 0 0 0 0 0 0 0 0 0 0 0 0 0 0 0 0 0 0 0 0 0 0 0 0 0 0 0 0 0 0 0 0 0 0 0 0 0 0 0 0 0 0 0 0 0 0 0 0 0 0 0 0 0 0 0 0 0 0 0 0 0 0 0 0 0 0 0 0 0
ctxt 63387369
btime 1600744687
processes 67509
procs_running 1
procs_blocked 0
softirq 30967605 5 10733602 34966 5729046 360601 0 14562 8623210 0 5471613
