cpu  1642650 3720 65391 272319299 2287 0 11434 0 0 0
cpu0 121672 141 4472 16998369 42 0 6070 0 0 0
cpu1 114059 0 3960 17007450 1371 0 1811 0 0 0
cpu2 110207 0 3953 17012947 106 0 730 0 0 0
cpu3 108800 0 4511 17012628 90 0 640 0 0 0
cpu4 105254 520 4134 17016783 63 0 230 0 0 0
cpu5 102612 279 3838 17020120 58 0 249 0 0 0
cpu6 100398 339 3983 17022926 65 0 54 0 0 0
cpu7 101990 0 4179 17020721 50 0 214 0 0 0
cpu8 98506 0 4202 17024192 81 0 370 0 0 0
cpu9 101254 666 3548 17022146 49 0 256 0 0 0
cpu10 98971 811 4233 17023194 38 0 223 0 0 0
cpu11 96977 0 3926 17026965 26 0 18 0 0 0
cpu12 97056 334 4180 17024813 129 0 196 0 0 0
cpu13 94966 0 3934 17028175 40 0 8 0 0 0
cpu14 94716 625 4040 17028736 37 0 328 0 0 0
cpu15 95208 1 4293 17029126 35 0 32 0 0 0
intr 37061461 33 0 0 0 0 0 0 0 1 1 0 0 0 0 0 0 0 0 50 0 0 0 0 0 0 0 0 0 0 0 0 2 2 2 2 38 364851 1 781853 662891 604365 893433 638195 549605 889877 574494 0 0 0 0 0 0 0 0 0 9 0 0 9 0 0 16 37 2 3 0 12 0 20 16 0 0 0 0 0 0 0 0 0 0 0 0 0 0 0 0 0 0 0 0 0 0 0 0 0 0 0 0 0 0 0 0 0 0 0 119 0 0 0 0 0 0 0 0 0 0 0 0 0 0 0 0 0 0 0 0 0 0 0 0 0 0 0 0 0 0 0 0 0 0 0 0 0 0 0 0 0 0 0 0 0 0 0 0 0 0 0 0 0 0 0 0 0 0 0 0 0 0 0 0 0 0 0 0 0 0 0 0 0 0 0 0 0 0 0 0 0 0 0 0 0 0 0 0 0 0 0 0 0 0 0 0 0 0 0 0 0 0 0 0 0 0 0 0 0 0 0 0 0 0 0 0 0 0 0 0 0 0 0 0 0 0 0 0 0 0 0 0 0 0 0 0 0 0 0 0 0 0 0 0 0 0 0 0 0 0 0 0 0 0 0 0 0 0 0 0 0 0 0 0 0 0 0 0 0 0 0 0 0 0 0 0 0 0 0 0 0 0 0 0 0 0 0 0 0 0 0 0 0 0 0 0 0 0 0 0 0 0 0 0 0 0 0 0 0 0 0 0 0 0 0 0 0 0 0 0 0 0 0 0 0 0 0 0 0 0 0 0 0 0 0 0 0 0 0 0 0 0 0 0 0 0 0 0 0 0 0 0 0 0 0 0 0 0 0 0 0 0 0 0 0 0 0 0 0 0 0 0 0 0 0 0 0 0 0 0 0 0 0 0 0 0 0 0 0 0 0 0 0 0 0 0 0 0 0 0 0 0 0 0 0 0 0 0 0 0 0 0 0 0 0 0 0 0 0 0 0 0 0 0 0 0 0 0 0 0 0 0 0 0 0 0 0 0 0 0 0 0 0 0 0 0 0 0 0 0 0 0 0 0 0 0 0 0 0 0 0 0 0 0 0 0 0 0 0 0 0 0 0 0 0 0 0 0 0 0 0 0 0 0 0 0 0 0 0 0 0 0 0 0 0 0 0 0 0 0 0 0 0 0 0 0 0 0 0 0 0 0 0 0 0 0 0 0 0 0 0 0 0 0 0 0 0 0 0 0 0 0 0 0 0 0 0 0 0 0 0 0 0 0 0 0
ctxt 63292856
btime 1600744687
processes 64820
procs_running 1
procs_blocked 0
softirq 30707254 5 10633987 34953 5664924 359699 0 14387 8577130 0 5422169
