cpu  1599036 3720 64130 271213150 2278 0 10566 0 0 0
cpu0 118792 141 4376 16929415 42 0 5566 0 0 0
cpu1 111341 0 3884 16938307 1364 0 1639 0 0 0
cpu2 107474 0 3879 16943816 106 0 662 0 0 0
cpu3 106138 0 4458 16943410 90 0 596 0 0 0
cpu4 102610 520 4079 16947528 63 0 216 0 0 0
cpu5 99865 279 3753 16951011 57 0 244 0 0 0
cpu6 97652 339 3902 16953806 65 0 52 0 0 0
cpu7 99248 0 4092 16951604 50 0 202 0 0 0
cpu8 95608 0 4103 16955249 80 0 362 0 0 0
cpu9 98522 666 3459 16953046 49 0 236 0 0 0
cpu10 96185 811 4132 16954153 38 0 214 0 0 0
cpu11 94302 0 3842 16957782 26 0 18 0 0 0
cpu12 94434 334 4129 16955550 129 0 194 0 0 0
cpu13 92369 0 3877 16958878 40 0 8 0 0 0
cpu14 92073 625 3948 16959544 37 0 318 0 0 0
cpu15 92420 1 4212 16960042 35 0 32 0 0 0
intr 36652001 33 0 0 0 0 0 0 0 1 1 0 0 0 0 0 0 0 0 50 0 0 0 0 0 0 0 0 0 0 0 0 2 2 2 2 38 362901 1 773422 632563 595097 887448 628447 535477 880923 554145 0 0 0 0 0 0 0 0 0 9 0 0 9 0 0 16 37 2 3 0 12 0 20 16 0 0 0 0 0 0 0 0 0 0 0 0 0 0 0 0 0 0 0 0 0 0 0 0 0 0 0 0 0 0 0 0 0 0 0 119 0 0 0 0 0 0 0 0 0 0 0 0 0 0 0 0 0 0 0 0 0 0 0 0 0 0 0 0 0 0 0 0 0 0 0 0 0 0 0 0 0 0 0 0 0 0 0 0 0 0 0 0 0 0 0 0 0 0 0 0 0 0 0 0 0 0 0 0 0 0 0 0 0 0 0 0 0 0 0 0 0 0 0 0 0 0 0 0 0 0 0 0 0 0 0 0 0 0 0 0 0 0 0 0 0 0 0 0 0 0 0 0 0 0 0 0 0 0 0 0 0 0 0 0 0 0 0 0 0 0 0 0 0 0 0 0 0 0 0 0 0 0 0 0 0 0 0 0 0 0 0 0 0 0 0 0 0 0 0 0 0 0 0 0 0 0 0 0 0 0 0 0 0 0 0 0 0 0 0 0 0 0 0 0 0 0 0 0 0 0 0 0 0 0 0 0 0 0 0 0 0 0 0 0 0 0 0 0 0 0 0 0 0 0 0 0 0 0 0 0 0 0 0 0 0 0 0 0 0 0 0 0 0 0 0 0 0 0 0 0 0 0 0 0 0 0 0 0 0 0 0 0 0 0 0 0 0 0 0 0 0 0 0 0 0 0 0 0 0 0 0 0 0 0 0 0 0 0 0 0 0 0 0 0 0 0 0 0 0 0 0 0 0 0 0 0 0 0 0 0 0 0 0 0 0 0 0 0 0 0 0 0 0 0 0 0 0 0 0 0 0 0 0 0 0 0 0 0 0 0 0 0 0 0 0 0 0 0 0 0 0 0 0 0 0 0 0 0 0 0 0 0 0 0 0 0 0 0 0 0 0 0 0 0 0 0 0 0 0 0 0 0 0 0 0 0 0 0 0 0 0 0 0 0 0 0 0 0 0 0 0 0 0 0 0 0 0 0 0 0 0 0 0 0 0 0 0 0 0 0 0 0 0 0 0 0 0 0 0 0 0 0 0 0 0 0 0 0 0 0 0 0 0 0 0 0 0 0 0 0 0 0 0 0 0 0
ctxt 62981638
btime 1600744687
processes 58209
procs_running 1
procs_blocked 0
softirq 30150803 5 10429291 34811 5557733 357784 0 14090 8454081 0 5303008
