cpu  1749143 3720 66896 272570206 2291 0 12444 0 0 0
cpu0 128542 141 4577 17013818 42 0 6636 0 0 0
cpu1 120626 0 4029 17023241 1373 0 2050 0 0 0
cpu2 116838 0 4035 17028669 107 0 778 0 0 0
cpu3 115362 0 4604 17028401 90 0 676 0 0 0
cpu4 111972 520 4224 17032414 63 0 241 0 0 0
cpu5 109220 279 3931 17035857 58 0 263 0 0 0
cpu6 107004 339 4062 17038678 65 0 58 0 0 0
cpu7 108593 0 4270 17036430 50 0 251 0 0 0
cpu8 105217 0 4304 17039808 81 0 378 0 0 0
cpu9 107913 666 3637 17037837 49 0 262 0 0 0
cpu10 105659 811 4344 17038827 38 0 239 0 0 0
cpu11 103640 0 4028 17042648 26 0 18 0 0 0
cpu12 103619 334 4308 17040545 129 0 209 0 0 0
cpu13 101507 0 4010 17043988 40 0 8 0 0 0
cpu14 101344 625 4114 17044465 37 0 340 0 0 0
cpu15 102082 1 4413 17044573 36 0 32 0 0 0
intr 37748695 33 0 0 0 0 0 0 0 1 1 0 0 0 0 0 0 0 0 50 0 0 0 0 0 0 0 0 0 0 0 0 2 2 2 2 38 367144 1 806944 684998 674704 917240 658907 586194 920225 599610 0 0 0 0 0 0 0 0 0 9 0 0 9 0 0 16 37 2 3 0 12 0 20 16 0 0 0 0 0 0 0 0 0 0 0 0 0 0 0 0 0 0 0 0 0 0 0 0 0 0 0 0 0 0 0 0 0 0 0 119 0 0 0 0 0 0 0 0 0 0 0 0 0 0 0 0 0 0 0 0 0 0 0 0 0 0 0 0 0 0 0 0 0 0 0 0 0 0 0 0 0 0 0 0 0 0 0 0 0 0 0 0 0 0 0 0 0 0 0 0 0 0 0 0 0 0 0 0 0 0 0 0 0 0 0 0 0 0 0 0 0 0 0 0 0 0 0 0 0 0 0 0 0 0 0 0 0 0 0 0 0 0 0 0 0 0 0 0 0 0 0 0 0 0 0 0 0 0 0 0 0 0 0 0 0 0 0 0 0 0 0 0 0 0 0 0 0 0 0 0 0 0 0 0 0 0 0 0 0 0 0 0 0 0 0 0 0 0 0 0 0 0 0 0 0 0 0 0 0 0 0 0 0 0 0 0 0 0 0 0 0 0 0 0 0 0 0 0 0 0 0 0 0 0 0 0 0 0 0 0 0 0 0 0 0 0 0 0 0 0 0 0 0 0 0 0 0 0 0 0 0 0 0 0 0 0 0 0 0 0 0 0 0 0 0 0 0 0 0 0 0 0 0 0 0 0 0 0 0 0 0 0 0 0 0 0 0 0 0 0 0 0 0 0 0 0 0 0 0 0 0 0 0 0 0 0 0 0 0 0 0 0 0 0 0 0 0 0 0 0 0 0 0 0 0 0 0 0 0 0 0 0 0 0 0 0 0 0 0 0 0 0 0 0 0 0 0 0 0 0 0 0 0 0 0 0 0 0 0 0 0 0 0 0 0 0 0 0 0 0 0 0 0 0 0 0 0 0 0 0 0 0 0 0 0 0 0 0 0 0 0 0 0 0 0 0 0 0 0 0 0 0 0 0 0 0 0 0 0 0 0 0 0 0 0 0 0 0 0 0 0 0 0 0 0 0 0 0 0 0 0 0 0 0 0 0 0 0 0 0 0 0 0 0 0 0 0 0 0 0 0 0 0 0 0 0 0 0 0 0 0 0 0 0 0 0 0 0 0 0 0 0 0 0 0 0
ctxt 63601344
btime 1600744687
processes 71723
procs_running 1
procs_blocked 0
softirq 31568748 5 10980076 34999 5919033 361979 0 14980 8701243 0 5556433
