cpu  1664957 3720 65857 272376272 2287 0 11777 0 0 0
cpu0 123187 141 4517 17001788 42 0 6267 0 0 0
cpu1 115415 0 3975 17011056 1371 0 1910 0 0 0
cpu2 111546 0 3975 17016573 106 0 740 0 0 0
cpu3 110161 0 4538 17016222 90 0 653 0 0 0
cpu4 106698 520 4164 17020298 63 0 234 0 0 0
cpu5 103993 279 3867 17023700 58 0 252 0 0 0
cpu6 101784 339 4006 17026500 65 0 56 0 0 0
cpu7 103401 0 4217 17024247 50 0 222 0 0 0
cpu8 99890 0 4228 17027762 81 0 372 0 0 0
cpu9 102699 666 3584 17025651 49 0 256 0 0 0
cpu10 100324 811 4261 17026799 38 0 223 0 0 0
cpu11 98324 0 3960 17030576 26 0 18 0 0 0
cpu12 98404 334 4212 17028416 129 0 199 0 0 0
cpu13 96298 0 3948 17031811 40 0 8 0 0 0
cpu14 96074 625 4056 17032347 37 0 329 0 0 0
cpu15 96754 1 4342 17032517 36 0 32 0 0 0
intr 37223319 33 0 0 0 0 0 0 0 1 1 0 0 0 0 0 0 0 0 50 0 0 0 0 0 0 0 0 0 0 0 0 2 2 2 2 38 365754 1 792401 663026 617790 903956 645754 550008 897733 577666 0 0 0 0 0 0 0 0 0 9 0 0 9 0 0 16 37 2 3 0 12 0 20 16 0 0 0 0 0 0 0 0 0 0 0 0 0 0 0 0 0 0 0 0 0 0 0 0 0 0 0 0 0 0 0 0 0 0 0 119 0 0 0 0 0 0 0 0 0 0 0 0 0 0 0 0 0 0 0 0 0 0 0 0 0 0 0 0 0 0 0 0 0 0 0 0 0 0 0 0 0 0 0 0 0 0 0 0 0 0 0 0 0 0 0 0 0 0 0 0 0 0 0 0 0 0 0 0 0 0 0 0 0 0 0 0 0 0 0 0 0 0 0 0 0 0 0 0 0 0 0 0 0 0 0 0 0 0 0 0 0 0 0 0 0 0 0 0 0 0 0 0 0 0 0 0 0 0 0 0 0 0 0 0 0 0 0 0 0 0 0 0 0 0 0 0 0 0 0 0 0 0 0 0 0 0 0 0 0 0 0 0 0 0 0 0 0 0 0 0 0 0 0 0 0 0 0 0 0 0 0 0 0 0 0 0 0 0 0 0 0 0 0 0 0 0 0 0 0 0 0 0 0 0 0 0 0 0 0 0 0 0 0 0 0 0 0 0 0 0 0 0 0 0 0 0 0 0 0 0 0 0 0 0 0 0 0 0 0 0 0 0 0 0 0 0 0 0 0 0 0 0 0 0 0 0 0 0 0 0 0 0 0 0 0 0 0 0 0 0 0 0 0 0 0 0 0 0 0 0 0 0 0 0 0 0 0 0 0 0 0 0 0 0 0 0 0 0 0 0 0 0 0 0 0 0 0 0 0 0 0 0 0 0 0 0 0 0 0 0 0 0 0 0 0 0 0 0 0 0 0 0 0 0 0 0 0 0 0 0 0 0 0 0 0 0 0 0 0 0 0 0 0 0 0 0 0 0 0 0 0 0 0 0 0 0 0 0 0 0 0 0 0 0 0 0 0 0 0 0 0 0 0 0 0 0 0 0 0 0 0 0 0 0 0 0 0 0 0 0 0 0 0 0 0 0 0 0 0 0 0 0 0 0 0 0 0 0 0 0 0 0 0 0 0 0 0 0 0 0 0 0 0 0 0 0 0 0 0 0 0 0 0 0 0 0 0 0 0 0 0 0 0 0 0 0
ctxt 63374260
btime 1600744687
processes 67173
procs_running 1
procs_blocked 0
softirq 30930275 5 10718700 34964 5718545 360597 0 14542 8617380 0 5465542
