cpu  1574551 3720 63271 271022456 2273 0 9830 0 0 0
cpu0 117258 141 4323 16917507 41 0 5094 0 0 0
cpu1 109847 0 3828 16926361 1362 0 1504 0 0 0
cpu2 106070 0 3829 16931767 105 0 597 0 0 0
cpu3 104768 0 4406 16931334 89 0 572 0 0 0
cpu4 101270 520 4036 16935408 63 0 207 0 0 0
cpu5 98233 279 3688 16939206 57 0 237 0 0 0
cpu6 96079 339 3861 16941909 65 0 52 0 0 0
cpu7 97605 0 4016 16939817 50 0 196 0 0 0
cpu8 94000 0 4050 16943399 80 0 358 0 0 0
cpu9 97145 666 3418 16940974 49 0 234 0 0 0
cpu10 94554 811 4075 16942343 38 0 211 0 0 0
cpu11 92728 0 3804 16945897 26 0 18 0 0 0
cpu12 92918 334 4084 16943622 129 0 190 0 0 0
cpu13 90812 0 3810 16946985 40 0 8 0 0 0
cpu14 90550 625 3893 16947614 37 0 316 0 0 0
cpu15 90709 1 4144 16948306 35 0 32 0 0 0
intr 36398437 33 0 0 0 0 0 0 0 1 1 0 0 0 0 0 0 0 0 50 0 0 0 0 0 0 0 0 0 0 0 0 2 2 2 2 38 361571 1 760413 622821 575847 879592 624617 521820 878960 548238 0 0 0 0 0 0 0 0 0 9 0 0 9 0 0 16 37 2 3 0 12 0 20 16 0 0 0 0 0 0 0 0 0 0 0 0 0 0 0 0 0 0 0 0 0 0 0 0 0 0 0 0 0 0 0 0 0 0 0 119 0 0 0 0 0 0 0 0 0 0 0 0 0 0 0 0 0 0 0 0 0 0 0 0 0 0 0 0 0 0 0 0 0 0 0 0 0 0 0 0 0 0 0 0 0 0 0 0 0 0 0 0 0 0 0 0 0 0 0 0 0 0 0 0 0 0 0 0 0 0 0 0 0 0 0 0 0 0 0 0 0 0 0 0 0 0 0 0 0 0 0 0 0 0 0 0 0 0 0 0 0 0 0 0 0 0 0 0 0 0 0 0 0 0 0 0 0 0 0 0 0 0 0 0 0 0 0 0 0 0 0 0 0 0 0 0 0 0 0 0 0 0 0 0 0 0 0 0 0 0 0 0 0 0 0 0 0 0 0 0 0 0 0 0 0 0 0 0 0 0 0 0 0 0 0 0 0 0 0 0 0 0 0 0 0 0 0 0 0 0 0 0 0 0 0 0 0 0 0 0 0 0 0 0 0 0 0 0 0 0 0 0 0 0 0 0 0 0 0 0 0 0 0 0 0 0 0 0 0 0 0 0 0 0 0 0 0 0 0 0 0 0 0 0 0 0 0 0 0 0 0 0 0 0 0 0 0 0 0 0 0 0 0 0 0 0 0 0 0 0 0 0 0 0 0 0 0 0 0 0 0 0 0 0 0 0 0 0 0 0 0 0 0 0 0 0 0 0 0 0 0 0 0 0 0 0 0 0 0 0 0 0 0 0 0 0 0 0 0 0 0 0 0 0 0 0 0 0 0 0 0 0 0 0 0 0 0 0 0 0 0 0 0 0 0 0 0 0 0 0 0 0 0 0 0 0 0 0 0 0 0 0 0 0 0 0 0 0 0 0 0 0 0 0 0 0 0 0 0 0 0 0 0 0 0 0 0 0 0 0 0 0 0 0 0 0 0 0 0 0 0 0 0 0 0 0 0 0 0 0 0 0 0 0 0 0 0 0 0 0 0 0 0 0 0 0 0 0 0 0 0 0 0 0 0 0 0 0 0 0 0 0 0 0 0 0
ctxt 62799935
btime 1600744687
processes 53494
procs_running 1
procs_blocked 0
softirq 29747545 5 10295633 34784 5482519 356482 0 13963 8340451 0 5223708
