cpu  1780997 3720 67139 272582953 2291 0 12580 0 0 0
cpu0 130580 141 4599 17014561 42 0 6703 0 0 0
cpu1 122625 0 4043 17024030 1373 0 2071 0 0 0
cpu2 118865 0 4054 17029426 107 0 784 0 0 0
cpu3 117309 0 4617 17029228 90 0 695 0 0 0
cpu4 113948 520 4234 17033233 63 0 242 0 0 0
cpu5 111190 279 3952 17036671 58 0 263 0 0 0
cpu6 109008 339 4077 17039466 65 0 58 0 0 0
cpu7 110590 0 4290 17037202 50 0 264 0 0 0
cpu8 107189 0 4314 17040631 81 0 378 0 0 0
cpu9 109923 666 3654 17038620 49 0 262 0 0 0
cpu10 107627 811 4359 17039644 38 0 246 0 0 0
cpu11 105662 0 4050 17043410 26 0 18 0 0 0
cpu12 105584 334 4320 17041371 129 0 210 0 0 0
cpu13 103517 0 4025 17044770 40 0 8 0 0 0
cpu14 103320 625 4123 17045285 37 0 340 0 0 0
cpu15 104054 1 4422 17045397 36 0 32 0 0 0
intr 37927624 33 0 0 0 0 0 0 0 1 1 0 0 0 0 0 0 0 0 50 0 0 0 0 0 0 0 0 0 0 0 0 2 2 2 2 38 367498 1 807071 685078 699667 960137 658958 592668 920505 599678 0 0 0 0 0 0 0 0 0 9 0 0 9 0 0 16 37 2 3 0 12 0 20 16 0 0 0 0 0 0 0 0 0 0 0 0 0 0 0 0 0 0 0 0 0 0 0 0 0 0 0 0 0 0 0 0 0 0 0 119 0 0 0 0 0 0 0 0 0 0 0 0 0 0 0 0 0 0 0 0 0 0 0 0 0 0 0 0 0 0 0 0 0 0 0 0 0 0 0 0 0 0 0 0 0 0 0 0 0 0 0 0 0 0 0 0 0 0 0 0 0 0 0 0 0 0 0 0 0 0 0 0 0 0 0 0 0 0 0 0 0 0 0 0 0 0 0 0 0 0 0 0 0 0 0 0 0 0 0 0 0 0 0 0 0 0 0 0 0 0 0 0 0 0 0 0 0 0 0 0 0 0 0 0 0 0 0 0 0 0 0 0 0 0 0 0 0 0 0 0 0 0 0 0 0 0 0 0 0 0 0 0 0 0 0 0 0 0 0 0 0 0 0 0 0 0 0 0 0 0 0 0 0 0 0 0 0 0 0 0 0 0 0 0 0 0 0 0 0 0 0 0 0 0 0 0 0 0 0 0 0 0 0 0 0 0 0 0 0 0 0 0 0 0 0 0 0 0 0 0 0 0 0 0 0 0 0 0 0 0 0 0 0 0 0 0 0 0 0 0 0 0 0 0 0 0 0 0 0 0 0 0 0 0 0 0 0 0 0 0 0 0 0 0 0 0 0 0 0 0 0 0 0 0 0 0 0 0 0 0 0 0 0 0 0 0 0 0 0 0 0 0 0 0 0 0 0 0 0 0 0 0 0 0 0 0 0 0 0 0 0 0 0 0 0 0 0 0 0 0 0 0 0 0 0 0 0 0 0 0 0 0 0 0 0 0 0 0 0 0 0 0 0 0 0 0 0 0 0 0 0 0 0 0 0 0 0 0 0 0 0 0 0 0 0 0 0 0 0 0 0 0 0 0 0 0 0 0 0 0 0 0 0 0 0 0 0 0 0 0 0 0 0 0 0 0 0 0 0 0 0 0 0 0 0 0 0 0 0 0 0 0 0 0 0 0 0 0 0 0 0 0 0 0 0 0 0 0 0 0 0 0 0 0 0 0 0 0 0 0 0 0 0 0 0 0
ctxt 63663623
btime 1600744687
processes 72563
procs_running 1
procs_blocked 0
softirq 31768251 5 11067532 35004 5993973 362330 0 15156 8719656 0 5574595
