cpu  1618020 3720 64852 272192262 2283 0 11032 0 0 0
cpu0 120063 141 4436 16990504 42 0 5858 0 0 0
cpu1 112560 0 3934 16999467 1367 0 1717 0 0 0
cpu2 108680 0 3923 17004987 106 0 700 0 0 0
cpu3 107265 0 4483 17004677 90 0 621 0 0 0
cpu4 103748 520 4105 17008795 63 0 224 0 0 0
cpu5 100983 279 3794 17012281 58 0 246 0 0 0
cpu6 98786 339 3939 17015070 65 0 54 0 0 0
cpu7 100530 0 4147 17012698 50 0 204 0 0 0
cpu8 96918 0 4157 17016314 81 0 364 0 0 0
cpu9 99691 666 3510 17014244 49 0 246 0 0 0
cpu10 97375 811 4191 17015314 38 0 220 0 0 0
cpu11 95450 0 3880 17019028 26 0 18 0 0 0
cpu12 95590 334 4160 17016787 129 0 194 0 0 0
cpu13 93503 0 3915 17020141 40 0 8 0 0 0
cpu14 93278 625 4016 17020690 37 0 321 0 0 0
cpu15 93596 1 4255 17021257 35 0 32 0 0 0
intr 36872925 33 0 0 0 0 0 0 0 1 1 0 0 0 0 0 0 0 0 50 0 0 0 0 0 0 0 0 0 0 0 0 2 2 2 2 38 364276 1 774078 637643 595822 893311 636531 541609 884835 571023 0 0 0 0 0 0 0 0 0 9 0 0 9 0 0 16 37 2 3 0 12 0 20 16 0 0 0 0 0 0 0 0 0 0 0 0 0 0 0 0 0 0 0 0 0 0 0 0 0 0 0 0 0 0 0 0 0 0 0 119 0 0 0 0 0 0 0 0 0 0 0 0 0 0 0 0 0 0 0 0 0 0 0 0 0 0 0 0 0 0 0 0 0 0 0 0 0 0 0 0 0 0 0 0 0 0 0 0 0 0 0 0 0 0 0 0 0 0 0 0 0 0 0 0 0 0 0 0 0 0 0 0 0 0 0 0 0 0 0 0 0 0 0 0 0 0 0 0 0 0 0 0 0 0 0 0 0 0 0 0 0 0 0 0 0 0 0 0 0 0 0 0 0 0 0 0 0 0 0 0 0 0 0 0 0 0 0 0 0 0 0 0 0 0 0 0 0 0 0 0 0 0 0 0 0 0 0 0 0 0 0 0 0 0 0 0 0 0 0 0 0 0 0 0 0 0 0 0 0 0 0 0 0 0 0 0 0 0 0 0 0 0 0 0 0 0 0 0 0 0 0 0 0 0 0 0 0 0 0 0 0 0 0 0 0 0 0 0 0 0 0 0 0 0 0 0 0 0 0 0 0 0 0 0 0 0 0 0 0 0 0 0 0 0 0 0 0 0 0 0 0 0 0 0 0 0 0 0 0 0 0 0 0 0 0 0 0 0 0 0 0 0 0 0 0 0 0 0 0 0 0 0 0 0 0 0 0 0 0 0 0 0 0 0 0 0 0 0 0 0 0 0 0 0 0 0 0 0 0 0 0 0 0 0 0 0 0 0 0 0 0 0 0 0 0 0 0 0 0 0 0 0 0 0 0 0 0 0 0 0 0 0 0 0 0 0 0 0 0 0 0 0 0 0 0 0 0 0 0 0 0 0 0 0 0 0 0 0 0 0 0 0 0 0 0 0 0 0 0 0 0 0 0 0 0 0 0 0 0 0 0 0 0 0 0 0 0 0 0 0 0 0 0 0 0 0 0 0 0 0 0 0 0 0 0 0 0 0 0 0 0 0 0 0 0 0 0 0 0 0 0 0 0 0 0 0 0 0 0 0 0 0 0 0 0 0 0 0 0 0 0 0 0 0 0 0
ctxt 63188436
btime 1600744687
processes 61960
procs_running 1
procs_blocked 0
softirq 30444301 5 10534822 34935 5605063 359132 0 14227 8526291 0 5369826
