cpu  1590786 3720 63908 271192852 2277 0 10382 0 0 0
cpu0 118270 141 4363 16928155 42 0 5455 0 0 0
cpu1 110829 0 3868 16937040 1364 0 1605 0 0 0
cpu2 107002 0 3867 16942500 106 0 646 0 0 0
cpu3 105638 0 4449 16942115 89 0 587 0 0 0
cpu4 102112 520 4071 16946234 63 0 216 0 0 0
cpu5 99326 279 3740 16949765 57 0 244 0 0 0
cpu6 97164 339 3896 16952504 65 0 52 0 0 0
cpu7 98679 0 4072 16950395 50 0 201 0 0 0
cpu8 95092 0 4090 16953976 80 0 359 0 0 0
cpu9 98064 666 3450 16951712 49 0 235 0 0 0
cpu10 95666 811 4117 16952887 38 0 214 0 0 0
cpu11 93805 0 3834 16956486 26 0 18 0 0 0
cpu12 93886 334 4109 16954324 129 0 190 0 0 0
cpu13 91850 0 3856 16957616 40 0 8 0 0 0
cpu14 91522 625 3923 16958327 37 0 316 0 0 0
cpu15 91874 1 4196 16958807 35 0 32 0 0 0
intr 36581643 33 0 0 0 0 0 0 0 1 1 0 0 0 0 0 0 0 0 50 0 0 0 0 0 0 0 0 0 0 0 0 2 2 2 2 38 362879 1 770100 628733 591138 887335 628333 531691 879258 548623 0 0 0 0 0 0 0 0 0 9 0 0 9 0 0 16 37 2 3 0 12 0 20 16 0 0 0 0 0 0 0 0 0 0 0 0 0 0 0 0 0 0 0 0 0 0 0 0 0 0 0 0 0 0 0 0 0 0 0 119 0 0 0 0 0 0 0 0 0 0 0 0 0 0 0 0 0 0 0 0 0 0 0 0 0 0 0 0 0 0 0 0 0 0 0 0 0 0 0 0 0 0 0 0 0 0 0 0 0 0 0 0 0 0 0 0 0 0 0 0 0 0 0 0 0 0 0 0 0 0 0 0 0 0 0 0 0 0 0 0 0 0 0 0 0 0 0 0 0 0 0 0 0 0 0 0 0 0 0 0 0 0 0 0 0 0 0 0 0 0 0 0 0 0 0 0 0 0 0 0 0 0 0 0 0 0 0 0 0 0 0 0 0 0 0 0 0 0 0 0 0 0 0 0 0 0 0 0 0 0 0 0 0 0 0 0 0 0 0 0 0 0 0 0 0 0 0 0 0 0 0 0 0 0 0 0 0 0 0 0 0 0 0 0 0 0 0 0 0 0 0 0 0 0 0 0 0 0 0 0 0 0 0 0 0 0 0 0 0 0 0 0 0 0 0 0 0 0 0 0 0 0 0 0 0 0 0 0 0 0 0 0 0 0 0 0 0 0 0 0 0 0 0 0 0 0 0 0 0 0 0 0 0 0 0 0 0 0 0 0 0 0 0 0 0 0 0 0 0 0 0 0 0 0 0 0 0 0 0 0 0 0 0 0 0 0 0 0 0 0 0 0 0 0 0 0 0 0 0 0 0 0 0 0 0 0 0 0 0 0 0 0 0 0 0 0 0 0 0 0 0 0 0 0 0 0 0 0 0 0 0 0 0 0 0 0 0 0 0 0 0 0 0 0 0 0 0 0 0 0 0 0 0 0 0 0 0 0 0 0 0 0 0 0 0 0 0 0 0 0 0 0 0 0 0 0 0 0 0 0 0 0 0 0 0 0 0 0 0 0 0 0 0 0 0 0 0 0 0 0 0 0 0 0 0 0 0 0 0 0 0 0 0 0 0 0 0 0 0 0 0 0 0 0 0 0 0 0 0 0 0 0 0 0 0 0 0 0 0 0 0 0 0 0 0 0
ctxt 62935874
btime 1600744687
processes 57032
procs_running 1
procs_blocked 0
softirq 30043164 5 10391804 34807 5535422 357764 0 14051 8426653 0 5282658
