cpu  1629546 3720 65196 272304074 2285 0 11301 0 0 0
cpu0 120803 141 4456 16997472 42 0 6022 0 0 0
cpu1 113233 0 3946 17006509 1369 0 1770 0 0 0
cpu2 109414 0 3945 17011962 106 0 712 0 0 0
cpu3 107966 0 4499 17011691 90 0 634 0 0 0
cpu4 104426 520 4121 17015840 63 0 228 0 0 0
cpu5 101779 279 3827 17019176 58 0 249 0 0 0
cpu6 99492 339 3959 17022071 65 0 54 0 0 0
cpu7 101203 0 4164 17019739 50 0 209 0 0 0
cpu8 97682 0 4190 17023246 81 0 370 0 0 0
cpu9 100434 666 3532 17021207 49 0 248 0 0 0
cpu10 98175 811 4226 17022215 38 0 220 0 0 0
cpu11 96179 0 3916 17025990 26 0 18 0 0 0
cpu12 96270 334 4172 17023823 129 0 196 0 0 0
cpu13 94173 0 3924 17027192 40 0 8 0 0 0
cpu14 93936 625 4030 17027744 37 0 324 0 0 0
cpu15 94374 1 4282 17028188 35 0 32 0 0 0
intr 36973859 33 0 0 0 0 0 0 0 1 1 0 0 0 0 0 0 0 0 50 0 0 0 0 0 0 0 0 0 0 0 0 2 2 2 2 38 364834 1 781738 645365 601219 893405 638134 541971 886693 574425 0 0 0 0 0 0 0 0 0 9 0 0 9 0 0 16 37 2 3 0 12 0 20 16 0 0 0 0 0 0 0 0 0 0 0 0 0 0 0 0 0 0 0 0 0 0 0 0 0 0 0 0 0 0 0 0 0 0 0 119 0 0 0 0 0 0 0 0 0 0 0 0 0 0 0 0 0 0 0 0 0 0 0 0 0 0 0 0 0 0 0 0 0 0 0 0 0 0 0 0 0 0 0 0 0 0 0 0 0 0 0 0 0 0 0 0 0 0 0 0 0 0 0 0 0 0 0 0 0 0 0 0 0 0 0 0 0 0 0 0 0 0 0 0 0 0 0 0 0 0 0 0 0 0 0 0 0 0 0 0 0 0 0 0 0 0 0 0 0 0 0 0 0 0 0 0 0 0 0 0 0 0 0 0 0 0 0 0 0 0 0 0 0 0 0 0 0 0 0 0 0 0 0 0 0 0 0 0 0 0 0 0 0 0 0 0 0 0 0 0 0 0 0 0 0 0 0 0 0 0 0 0 0 0 0 0 0 0 0 0 0 0 0 0 0 0 0 0 0 0 0 0 0 0 0 0 0 0 0 0 0 0 0 0 0 0 0 0 0 0 0 0 0 0 0 0 0 0 0 0 0 0 0 0 0 0 0 0 0 0 0 0 0 0 0 0 0 0 0 0 0 0 0 0 0 0 0 0 0 0 0 0 0 0 0 0 0 0 0 0 0 0 0 0 0 0 0 0 0 0 0 0 0 0 0 0 0 0 0 0 0 0 0 0 0 0 0 0 0 0 0 0 0 0 0 0 0 0 0 0 0 0 0 0 0 0 0 0 0 0 0 0 0 0 0 0 0 0 0 0 0 0 0 0 0 0 0 0 0 0 0 0 0 0 0 0 0 0 0 0 0 0 0 0 0 0 0 0 0 0 0 0 0 0 0 0 0 0 0 0 0 0 0 0 0 0 0 0 0 0 0 0 0 0 0 0 0 0 0 0 0 0 0 0 0 0 0 0 0 0 0 0 0 0 0 0 0 0 0 0 0 0 0 0 0 0 0 0 0 0 0 0 0 0 0 0 0 0 0 0 0 0 0 0 0 0 0 0 0 0 0 0 0 0 0 0 0 0 0 0 0 0 0 0 0 0
ctxt 63250973
btime 1600744687
processes 63811
procs_running 1
procs_blocked 0
softirq 30593680 5 10589049 34950 5633161 359682 0 14316 8558986 0 5403531
