cpu  1581192 3720 63496 271075584 2274 0 10020 0 0 0
cpu0 117632 141 4331 16920873 41 0 5220 0 0 0
cpu1 110247 0 3844 16929691 1363 0 1544 0 0 0
cpu2 106415 0 3846 16935155 105 0 610 0 0 0
cpu3 105031 0 4417 16934803 89 0 577 0 0 0
cpu4 101656 520 4054 16938754 63 0 209 0 0 0
cpu5 98782 279 3717 16942386 57 0 237 0 0 0
cpu6 96531 339 3875 16945197 65 0 52 0 0 0
cpu7 97995 0 4030 16943165 50 0 197 0 0 0
cpu8 94449 0 4062 16946688 80 0 358 0 0 0
cpu9 97501 666 3433 16944348 49 0 234 0 0 0
cpu10 94964 811 4084 16945661 38 0 213 0 0 0
cpu11 93226 0 3815 16949136 26 0 18 0 0 0
cpu12 93348 334 4097 16946925 129 0 190 0 0 0
cpu13 91294 0 3828 16950242 40 0 8 0 0 0
cpu14 90934 625 3898 16950975 37 0 316 0 0 0
cpu15 91181 1 4160 16951575 35 0 32 0 0 0
intr 36470741 33 0 0 0 0 0 0 0 1 1 0 0 0 0 0 0 0 0 50 0 0 0 0 0 0 0 0 0 0 0 0 2 2 2 2 38 361928 1 760574 624753 585446 885425 624745 527601 879003 548330 0 0 0 0 0 0 0 0 0 9 0 0 9 0 0 16 37 2 3 0 12 0 20 16 0 0 0 0 0 0 0 0 0 0 0 0 0 0 0 0 0 0 0 0 0 0 0 0 0 0 0 0 0 0 0 0 0 0 0 119 0 0 0 0 0 0 0 0 0 0 0 0 0 0 0 0 0 0 0 0 0 0 0 0 0 0 0 0 0 0 0 0 0 0 0 0 0 0 0 0 0 0 0 0 0 0 0 0 0 0 0 0 0 0 0 0 0 0 0 0 0 0 0 0 0 0 0 0 0 0 0 0 0 0 0 0 0 0 0 0 0 0 0 0 0 0 0 0 0 0 0 0 0 0 0 0 0 0 0 0 0 0 0 0 0 0 0 0 0 0 0 0 0 0 0 0 0 0 0 0 0 0 0 0 0 0 0 0 0 0 0 0 0 0 0 0 0 0 0 0 0 0 0 0 0 0 0 0 0 0 0 0 0 0 0 0 0 0 0 0 0 0 0 0 0 0 0 0 0 0 0 0 0 0 0 0 0 0 0 0 0 0 0 0 0 0 0 0 0 0 0 0 0 0 0 0 0 0 0 0 0 0 0 0 0 0 0 0 0 0 0 0 0 0 0 0 0 0 0 0 0 0 0 0 0 0 0 0 0 0 0 0 0 0 0 0 0 0 0 0 0 0 0 0 0 0 0 0 0 0 0 0 0 0 0 0 0 0 0 0 0 0 0 0 0 0 0 0 0 0 0 0 0 0 0 0 0 0 0 0 0 0 0 0 0 0 0 0 0 0 0 0 0 0 0 0 0 0 0 0 0 0 0 0 0 0 0 0 0 0 0 0 0 0 0 0 0 0 0 0 0 0 0 0 0 0 0 0 0 0 0 0 0 0 0 0 0 0 0 0 0 0 0 0 0 0 0 0 0 0 0 0 0 0 0 0 0 0 0 0 0 0 0 0 0 0 0 0 0 0 0 0 0 0 0 0 0 0 0 0 0 0 0 0 0 0 0 0 0 0 0 0 0 0 0 0 0 0 0 0 0 0 0 0 0 0 0 0 0 0 0 0 0 0 0 0 0 0 0 0 0 0 0 0 0 0 0 0 0 0 0 0 0 0 0 0 0 0 0 0 0 0 0 0 0 0
ctxt 62852417
btime 1600744687
processes 54671
procs_running 1
procs_blocked 0
softirq 29860297 5 10331978 34792 5506088 356830 0 13994 8373229 0 5243381
