cpu  1647444 3720 65578 272355986 2287 0 11593 0 0 0
cpu0 122047 141 4493 17000576 42 0 6147 0 0 0
cpu1 114323 0 3962 17009784 1371 0 1873 0 0 0
cpu2 110482 0 3962 17015269 106 0 736 0 0 0
cpu3 109078 0 4520 17014944 90 0 645 0 0 0
cpu4 105595 520 4149 17019032 63 0 234 0 0 0
cpu5 102909 279 3852 17022414 58 0 249 0 0 0
cpu6 100688 339 3994 17025231 65 0 55 0 0 0
cpu7 102282 0 4191 17023017 50 0 218 0 0 0
cpu8 98815 0 4213 17026475 81 0 370 0 0 0
cpu9 101550 666 3560 17024442 49 0 256 0 0 0
cpu10 99259 811 4242 17025503 38 0 223 0 0 0
cpu11 97264 0 3943 17029269 26 0 18 0 0 0
cpu12 97326 334 4188 17027140 129 0 196 0 0 0
cpu13 95242 0 3940 17030494 40 0 8 0 0 0
cpu14 94990 625 4045 17031061 37 0 328 0 0 0
cpu15 95587 1 4319 17031327 35 0 32 0 0 0
intr 37106677 33 0 0 0 0 0 0 0 1 1 0 0 0 0 0 0 0 0 50 0 0 0 0 0 0 0 0 0 0 0 0 2 2 2 2 38 365329 1 789396 662940 607368 893517 638229 549772 890117 574626 0 0 0 0 0 0 0 0 0 9 0 0 9 0 0 16 37 2 3 0 12 0 20 16 0 0 0 0 0 0 0 0 0 0 0 0 0 0 0 0 0 0 0 0 0 0 0 0 0 0 0 0 0 0 0 0 0 0 0 119 0 0 0 0 0 0 0 0 0 0 0 0 0 0 0 0 0 0 0 0 0 0 0 0 0 0 0 0 0 0 0 0 0 0 0 0 0 0 0 0 0 0 0 0 0 0 0 0 0 0 0 0 0 0 0 0 0 0 0 0 0 0 0 0 0 0 0 0 0 0 0 0 0 0 0 0 0 0 0 0 0 0 0 0 0 0 0 0 0 0 0 0 0 0 0 0 0 0 0 0 0 0 0 0 0 0 0 0 0 0 0 0 0 0 0 0 0 0 0 0 0 0 0 0 0 0 0 0 0 0 0 0 0 0 0 0 0 0 0 0 0 0 0 0 0 0 0 0 0 0 0 0 0 0 0 0 0 0 0 0 0 0 0 0 0 0 0 0 0 0 0 0 0 0 0 0 0 0 0 0 0 0 0 0 0 0 0 0 0 0 0 0 0 0 0 0 0 0 0 0 0 0 0 0 0 0 0 0 0 0 0 0 0 0 0 0 0 0 0 0 0 0 0 0 0 0 0 0 0 0 0 0 0 0 0 0 0 0 0 0 0 0 0 0 0 0 0 0 0 0 0 0 0 0 0 0 0 0 0 0 0 0 0 0 0 0 0 0 0 0 0 0 0 0 0 0 0 0 0 0 0 0 0 0 0 0 0 0 0 0 0 0 0 0 0 0 0 0 0 0 0 0 0 0 0 0 0 0 0 0 0 0 0 0 0 0 0 0 0 0 0 0 0 0 0 0 0 0 0 0 0 0 0 0 0 0 0 0 0 0 0 0 0 0 0 0 0 0 0 0 0 0 0 0 0 0 0 0 0 0 0 0 0 0 0 0 0 0 0 0 0 0 0 0 0 0 0 0 0 0 0 0 0 0 0 0 0 0 0 0 0 0 0 0 0 0 0 0 0 0 0 0 0 0 0 0 0 0 0 0 0 0 0 0 0 0 0 0 0 0 0 0 0 0 0 0 0 0 0 0 0 0 0 0 0 0 0 0 0 0 0 0 0 0 0 0
ctxt 63320440
btime 1600744687
processes 65828
procs_running 1
procs_blocked 0
softirq 30777064 5 10658246 34959 5676176 360173 0 14451 8593787 0 5439267
