cpu  1582952 3720 63560 271084453 2275 0 10095 0 0 0
cpu0 117730 141 4334 16921436 41 0 5284 0 0 0
cpu1 110336 0 3848 16930271 1363 0 1548 0 0 0
cpu2 106529 0 3849 16935708 105 0 610 0 0 0
cpu3 105100 0 4420 16935394 89 0 583 0 0 0
cpu4 101739 520 4056 16939337 63 0 209 0 0 0
cpu5 98922 279 3726 16942903 57 0 237 0 0 0
cpu6 96659 339 3878 16945735 65 0 52 0 0 0
cpu7 98132 0 4037 16943691 50 0 197 0 0 0
cpu8 94563 0 4063 16947242 80 0 358 0 0 0
cpu9 97607 666 3435 16944910 49 0 234 0 0 0
cpu10 95112 811 4093 16946176 38 0 213 0 0 0
cpu11 93319 0 3817 16949710 26 0 18 0 0 0
cpu12 93425 334 4098 16947517 129 0 190 0 0 0
cpu13 91430 0 3835 16950766 40 0 8 0 0 0
cpu14 91060 625 3903 16951513 37 0 316 0 0 0
cpu15 91283 1 4162 16952138 35 0 32 0 0 0
intr 36489333 33 0 0 0 0 0 0 0 1 1 0 0 0 0 0 0 0 0 50 0 0 0 0 0 0 0 0 0 0 0 0 2 2 2 2 38 361934 1 764444 624762 585449 887141 624785 527655 879042 548391 0 0 0 0 0 0 0 0 0 9 0 0 9 0 0 16 37 2 3 0 12 0 20 16 0 0 0 0 0 0 0 0 0 0 0 0 0 0 0 0 0 0 0 0 0 0 0 0 0 0 0 0 0 0 0 0 0 0 0 119 0 0 0 0 0 0 0 0 0 0 0 0 0 0 0 0 0 0 0 0 0 0 0 0 0 0 0 0 0 0 0 0 0 0 0 0 0 0 0 0 0 0 0 0 0 0 0 0 0 0 0 0 0 0 0 0 0 0 0 0 0 0 0 0 0 0 0 0 0 0 0 0 0 0 0 0 0 0 0 0 0 0 0 0 0 0 0 0 0 0 0 0 0 0 0 0 0 0 0 0 0 0 0 0 0 0 0 0 0 0 0 0 0 0 0 0 0 0 0 0 0 0 0 0 0 0 0 0 0 0 0 0 0 0 0 0 0 0 0 0 0 0 0 0 0 0 0 0 0 0 0 0 0 0 0 0 0 0 0 0 0 0 0 0 0 0 0 0 0 0 0 0 0 0 0 0 0 0 0 0 0 0 0 0 0 0 0 0 0 0 0 0 0 0 0 0 0 0 0 0 0 0 0 0 0 0 0 0 0 0 0 0 0 0 0 0 0 0 0 0 0 0 0 0 0 0 0 0 0 0 0 0 0 0 0 0 0 0 0 0 0 0 0 0 0 0 0 0 0 0 0 0 0 0 0 0 0 0 0 0 0 0 0 0 0 0 0 0 0 0 0 0 0 0 0 0 0 0 0 0 0 0 0 0 0 0 0 0 0 0 0 0 0 0 0 0 0 0 0 0 0 0 0 0 0 0 0 0 0 0 0 0 0 0 0 0 0 0 0 0 0 0 0 0 0 0 0 0 0 0 0 0 0 0 0 0 0 0 0 0 0 0 0 0 0 0 0 0 0 0 0 0 0 0 0 0 0 0 0 0 0 0 0 0 0 0 0 0 0 0 0 0 0 0 0 0 0 0 0 0 0 0 0 0 0 0 0 0 0 0 0 0 0 0 0 0 0 0 0 0 0 0 0 0 0 0 0 0 0 0 0 0 0 0 0 0 0 0 0 0 0 0 0 0 0 0 0 0 0 0 0 0 0 0 0 0 0 0 0 0 0 0 0 0 0 0
ctxt 62865339
btime 1600744687
processes 55009
procs_running 1
procs_blocked 0
softirq 29890286 5 10341755 34793 5511880 356836 0 14000 8381990 0 5249027
