cpu  1678070 3720 66068 272391341 2288 0 11923 0 0 0
cpu0 124024 141 4528 17002715 42 0 6354 0 0 0
cpu1 116215 0 3987 17012018 1371 0 1938 0 0 0
cpu2 112348 0 3982 17017537 106 0 752 0 0 0
cpu3 110959 0 4551 17017186 90 0 655 0 0 0
cpu4 107553 520 4181 17021198 63 0 237 0 0 0
cpu5 104857 279 3887 17024595 58 0 252 0 0 0
cpu6 102595 339 4018 17027454 65 0 56 0 0 0
cpu7 104207 0 4226 17025209 50 0 222 0 0 0
cpu8 100714 0 4246 17028692 81 0 376 0 0 0
cpu9 103483 666 3594 17026631 49 0 259 0 0 0
cpu10 101217 811 4284 17027660 38 0 224 0 0 0
cpu11 99145 0 3972 17031518 26 0 18 0 0 0
cpu12 99190 334 4222 17029391 129 0 199 0 0 0
cpu13 97081 0 3954 17032797 40 0 8 0 0 0
cpu14 96862 625 4067 17033317 37 0 334 0 0 0
cpu15 97612 1 4361 17033415 36 0 32 0 0 0
intr 37310584 33 0 0 0 0 0 0 0 1 1 0 0 0 0 0 0 0 0 50 0 0 0 0 0 0 0 0 0 0 0 0 2 2 2 2 38 366083 1 792487 665955 617817 911535 653277 557595 900648 580463 0 0 0 0 0 0 0 0 0 9 0 0 9 0 0 16 37 2 3 0 12 0 20 16 0 0 0 0 0 0 0 0 0 0 0 0 0 0 0 0 0 0 0 0 0 0 0 0 0 0 0 0 0 0 0 0 0 0 0 119 0 0 0 0 0 0 0 0 0 0 0 0 0 0 0 0 0 0 0 0 0 0 0 0 0 0 0 0 0 0 0 0 0 0 0 0 0 0 0 0 0 0 0 0 0 0 0 0 0 0 0 0 0 0 0 0 0 0 0 0 0 0 0 0 0 0 0 0 0 0 0 0 0 0 0 0 0 0 0 0 0 0 0 0 0 0 0 0 0 0 0 0 0 0 0 0 0 0 0 0 0 0 0 0 0 0 0 0 0 0 0 0 0 0 0 0 0 0 0 0 0 0 0 0 0 0 0 0 0 0 0 0 0 0 0 0 0 0 0 0 0 0 0 0 0 0 0 0 0 0 0 0 0 0 0 0 0 0 0 0 0 0 0 0 0 0 0 0 0 0 0 0 0 0 0 0 0 0 0 0 0 0 0 0 0 0 0 0 0 0 0 0 0 0 0 0 0 0 0 0 0 0 0 0 0 0 0 0 0 0 0 0 0 0 0 0 0 0 0 0 0 0 0 0 0 0 0 0 0 0 0 0 0 0 0 0 0 0 0 0 0 0 0 0 0 0 0 0 0 0 0 0 0 0 0 0 0 0 0 0 0 0 0 0 0 0 0 0 0 0 0 0 0 0 0 0 0 0 0 0 0 0 0 0 0 0 0 0 0 0 0 0 0 0 0 0 0 0 0 0 0 0 0 0 0 0 0 0 0 0 0 0 0 0 0 0 0 0 0 0 0 0 0 0 0 0 0 0 0 0 0 0 0 0 0 0 0 0 0 0 0 0 0 0 0 0 0 0 0 0 0 0 0 0 0 0 0 0 0 0 0 0 0 0 0 0 0 0 0 0 0 0 0 0 0 0 0 0 0 0 0 0 0 0 0 0 0 0 0 0 0 0 0 0 0 0 0 0 0 0 0 0 0 0 0 0 0 0 0 0 0 0 0 0 0 0 0 0 0 0 0 0 0 0 0 0 0 0 0 0 0 0 0 0 0 0 0 0 0 0 0 0 0 0 0 0
ctxt 63413465
btime 1600744687
processes 68186
procs_running 1
procs_blocked 0
softirq 31043303 5 10763430 34968 5749988 360924 0 14609 8635064 0 5484315
