cpu  1577853 3720 63400 271056666 2274 0 9941 0 0 0
cpu0 117460 141 4327 16919654 41 0 5176 0 0 0
cpu1 110021 0 3835 16928530 1363 0 1523 0 0 0
cpu2 106234 0 3837 16933947 105 0 601 0 0 0
cpu3 104878 0 4416 16933560 89 0 573 0 0 0
cpu4 101429 520 4050 16937585 63 0 209 0 0 0
cpu5 98573 279 3708 16941205 57 0 237 0 0 0
cpu6 96319 339 3869 16944016 65 0 52 0 0 0
cpu7 97871 0 4026 16941898 50 0 196 0 0 0
cpu8 94191 0 4056 16945554 80 0 358 0 0 0
cpu9 97352 666 3427 16943108 49 0 234 0 0 0
cpu10 94765 811 4082 16944473 38 0 212 0 0 0
cpu11 92984 0 3811 16947984 26 0 18 0 0 0
cpu12 93116 334 4091 16945767 129 0 190 0 0 0
cpu13 91021 0 3816 16949126 40 0 8 0 0 0
cpu14 90704 625 3896 16949809 37 0 316 0 0 0
cpu15 90928 1 4148 16950442 35 0 32 0 0 0
intr 36436836 33 0 0 0 0 0 0 0 1 1 0 0 0 0 0 0 0 0 50 0 0 0 0 0 0 0 0 0 0 0 0 2 2 2 2 38 361602 1 760448 624655 575965 885400 624738 525862 878977 548273 0 0 0 0 0 0 0 0 0 9 0 0 9 0 0 16 37 2 3 0 12 0 20 16 0 0 0 0 0 0 0 0 0 0 0 0 0 0 0 0 0 0 0 0 0 0 0 0 0 0 0 0 0 0 0 0 0 0 0 119 0 0 0 0 0 0 0 0 0 0 0 0 0 0 0 0 0 0 0 0 0 0 0 0 0 0 0 0 0 0 0 0 0 0 0 0 0 0 0 0 0 0 0 0 0 0 0 0 0 0 0 0 0 0 0 0 0 0 0 0 0 0 0 0 0 0 0 0 0 0 0 0 0 0 0 0 0 0 0 0 0 0 0 0 0 0 0 0 0 0 0 0 0 0 0 0 0 0 0 0 0 0 0 0 0 0 0 0 0 0 0 0 0 0 0 0 0 0 0 0 0 0 0 0 0 0 0 0 0 0 0 0 0 0 0 0 0 0 0 0 0 0 0 0 0 0 0 0 0 0 0 0 0 0 0 0 0 0 0 0 0 0 0 0 0 0 0 0 0 0 0 0 0 0 0 0 0 0 0 0 0 0 0 0 0 0 0 0 0 0 0 0 0 0 0 0 0 0 0 0 0 0 0 0 0 0 0 0 0 0 0 0 0 0 0 0 0 0 0 0 0 0 0 0 0 0 0 0 0 0 0 0 0 0 0 0 0 0 0 0 0 0 0 0 0 0 0 0 0 0 0 0 0 0 0 0 0 0 0 0 0 0 0 0 0 0 0 0 0 0 0 0 0 0 0 0 0 0 0 0 0 0 0 0 0 0 0 0 0 0 0 0 0 0 0 0 0 0 0 0 0 0 0 0 0 0 0 0 0 0 0 0 0 0 0 0 0 0 0 0 0 0 0 0 0 0 0 0 0 0 0 0 0 0 0 0 0 0 0 0 0 0 0 0 0 0 0 0 0 0 0 0 0 0 0 0 0 0 0 0 0 0 0 0 0 0 0 0 0 0 0 0 0 0 0 0 0 0 0 0 0 0 0 0 0 0 0 0 0 0 0 0 0 0 0 0 0 0 0 0 0 0 0 0 0 0 0 0 0 0 0 0 0 0 0 0 0 0 0 0 0 0 0 0 0 0 0 0 0 0 0 0 0 0 0 0 0 0 0 0 0 0 0 0 0 0
ctxt 62828341
btime 1600744687
processes 54167
procs_running 1
procs_blocked 0
softirq 29808727 5 10315276 34789 5494529 356504 0 13977 8358645 0 5235002
