cpu  1656102 3720 65689 272363431 2287 0 11666 0 0 0
cpu0 122599 141 4504 17001025 42 0 6194 0 0 0
cpu1 114884 0 3970 17010227 1371 0 1885 0 0 0
cpu2 111012 0 3967 17015749 106 0 740 0 0 0
cpu3 109610 0 4525 17015423 90 0 647 0 0 0
cpu4 106129 520 4154 17019509 63 0 234 0 0 0
cpu5 103449 279 3857 17022884 58 0 249 0 0 0
cpu6 101217 339 3998 17025711 65 0 56 0 0 0
cpu7 102829 0 4203 17023468 50 0 220 0 0 0
cpu8 99346 0 4216 17026953 81 0 370 0 0 0
cpu9 102144 666 3574 17024847 49 0 256 0 0 0
cpu10 99795 811 4250 17025972 38 0 223 0 0 0
cpu11 97793 0 3948 17029751 26 0 18 0 0 0
cpu12 97847 334 4198 17027619 129 0 199 0 0 0
cpu13 95764 0 3944 17030982 40 0 8 0 0 0
cpu14 95527 625 4049 17031535 37 0 329 0 0 0
cpu15 96150 1 4327 17031769 36 0 32 0 0 0
intr 37161059 33 0 0 0 0 0 0 0 1 1 0 0 0 0 0 0 0 0 50 0 0 0 0 0 0 0 0 0 0 0 0 2 2 2 2 38 365337 1 792349 662945 610276 901080 638272 549831 897604 574731 0 0 0 0 0 0 0 0 0 9 0 0 9 0 0 16 37 2 3 0 12 0 20 16 0 0 0 0 0 0 0 0 0 0 0 0 0 0 0 0 0 0 0 0 0 0 0 0 0 0 0 0 0 0 0 0 0 0 0 119 0 0 0 0 0 0 0 0 0 0 0 0 0 0 0 0 0 0 0 0 0 0 0 0 0 0 0 0 0 0 0 0 0 0 0 0 0 0 0 0 0 0 0 0 0 0 0 0 0 0 0 0 0 0 0 0 0 0 0 0 0 0 0 0 0 0 0 0 0 0 0 0 0 0 0 0 0 0 0 0 0 0 0 0 0 0 0 0 0 0 0 0 0 0 0 0 0 0 0 0 0 0 0 0 0 0 0 0 0 0 0 0 0 0 0 0 0 0 0 0 0 0 0 0 0 0 0 0 0 0 0 0 0 0 0 0 0 0 0 0 0 0 0 0 0 0 0 0 0 0 0 0 0 0 0 0 0 0 0 0 0 0 0 0 0 0 0 0 0 0 0 0 0 0 0 0 0 0 0 0 0 0 0 0 0 0 0 0 0 0 0 0 0 0 0 0 0 0 0 0 0 0 0 0 0 0 0 0 0 0 0 0 0 0 0 0 0 0 0 0 0 0 0 0 0 0 0 0 0 0 0 0 0 0 0 0 0 0 0 0 0 0 0 0 0 0 0 0 0 0 0 0 0 0 0 0 0 0 0 0 0 0 0 0 0 0 0 0 0 0 0 0 0 0 0 0 0 0 0 0 0 0 0 0 0 0 0 0 0 0 0 0 0 0 0 0 0 0 0 0 0 0 0 0 0 0 0 0 0 0 0 0 0 0 0 0 0 0 0 0 0 0 0 0 0 0 0 0 0 0 0 0 0 0 0 0 0 0 0 0 0 0 0 0 0 0 0 0 0 0 0 0 0 0 0 0 0 0 0 0 0 0 0 0 0 0 0 0 0 0 0 0 0 0 0 0 0 0 0 0 0 0 0 0 0 0 0 0 0 0 0 0 0 0 0 0 0 0 0 0 0 0 0 0 0 0 0 0 0 0 0 0 0 0 0 0 0 0 0 0 0 0 0 0 0 0 0 0 0 0 0 0 0 0 0 0 0 0 0 0 0 0 0 0 0 0
ctxt 63344561
btime 1600744687
processes 66333
procs_running 1
procs_blocked 0
softirq 30845503 5 10686360 34961 5697299 360181 0 14489 8602997 0 5449211
