cpu  1660578 3720 65790 272371281 2287 0 11739 0 0 0
cpu0 122925 141 4517 17001461 42 0 6238 0 0 0
cpu1 115153 0 3972 17010731 1371 0 1909 0 0 0
cpu2 111280 0 3972 17016252 106 0 740 0 0 0
cpu3 109872 0 4528 17015935 90 0 648 0 0 0
cpu4 106401 520 4159 17020011 63 0 234 0 0 0
cpu5 103722 279 3862 17023384 58 0 249 0 0 0
cpu6 101522 339 4005 17026174 65 0 56 0 0 0
cpu7 103135 0 4213 17023926 50 0 222 0 0 0
cpu8 99618 0 4225 17027448 81 0 372 0 0 0
cpu9 102434 666 3582 17025329 49 0 256 0 0 0
cpu10 100062 811 4256 17026475 38 0 223 0 0 0
cpu11 98060 0 3956 17030254 26 0 18 0 0 0
cpu12 98107 334 4205 17028129 129 0 199 0 0 0
cpu13 96036 0 3947 17031484 40 0 8 0 0 0
cpu14 95794 625 4052 17032041 37 0 329 0 0 0
cpu15 96450 1 4335 17032238 36 0 32 0 0 0
intr 37194418 33 0 0 0 0 0 0 0 1 1 0 0 0 0 0 0 0 0 50 0 0 0 0 0 0 0 0 0 0 0 0 2 2 2 2 38 365748 1 792380 662986 617753 901118 638341 549906 897714 577644 0 0 0 0 0 0 0 0 0 9 0 0 9 0 0 16 37 2 3 0 12 0 20 16 0 0 0 0 0 0 0 0 0 0 0 0 0 0 0 0 0 0 0 0 0 0 0 0 0 0 0 0 0 0 0 0 0 0 0 119 0 0 0 0 0 0 0 0 0 0 0 0 0 0 0 0 0 0 0 0 0 0 0 0 0 0 0 0 0 0 0 0 0 0 0 0 0 0 0 0 0 0 0 0 0 0 0 0 0 0 0 0 0 0 0 0 0 0 0 0 0 0 0 0 0 0 0 0 0 0 0 0 0 0 0 0 0 0 0 0 0 0 0 0 0 0 0 0 0 0 0 0 0 0 0 0 0 0 0 0 0 0 0 0 0 0 0 0 0 0 0 0 0 0 0 0 0 0 0 0 0 0 0 0 0 0 0 0 0 0 0 0 0 0 0 0 0 0 0 0 0 0 0 0 0 0 0 0 0 0 0 0 0 0 0 0 0 0 0 0 0 0 0 0 0 0 0 0 0 0 0 0 0 0 0 0 0 0 0 0 0 0 0 0 0 0 0 0 0 0 0 0 0 0 0 0 0 0 0 0 0 0 0 0 0 0 0 0 0 0 0 0 0 0 0 0 0 0 0 0 0 0 0 0 0 0 0 0 0 0 0 0 0 0 0 0 0 0 0 0 0 0 0 0 0 0 0 0 0 0 0 0 0 0 0 0 0 0 0 0 0 0 0 0 0 0 0 0 0 0 0 0 0 0 0 0 0 0 0 0 0 0 0 0 0 0 0 0 0 0 0 0 0 0 0 0 0 0 0 0 0 0 0 0 0 0 0 0 0 0 0 0 0 0 0 0 0 0 0 0 0 0 0 0 0 0 0 0 0 0 0 0 0 0 0 0 0 0 0 0 0 0 0 0 0 0 0 0 0 0 0 0 0 0 0 0 0 0 0 0 0 0 0 0 0 0 0 0 0 0 0 0 0 0 0 0 0 0 0 0 0 0 0 0 0 0 0 0 0 0 0 0 0 0 0 0 0 0 0 0 0 0 0 0 0 0 0 0 0 0 0 0 0 0 0 0 0 0 0 0 0 0 0 0 0 0 0 0 0 0 0 0 0 0 0 0 0 0 0 0 0 0 0 0 0 0
ctxt 63361406
btime 1600744687
processes 66837
procs_running 1
procs_blocked 0
softirq 30893429 5 10704225 34962 5708053 360591 0 14524 8611662 0 5459407
