cpu  1660471 3720 65766 272368547 2287 0 11717 0 0 0
cpu0 122925 141 4516 17001283 42 0 6224 0 0 0
cpu1 115153 0 3972 17010553 1371 0 1901 0 0 0
cpu2 111280 0 3971 17016074 106 0 740 0 0 0
cpu3 109872 0 4527 17015756 90 0 648 0 0 0
cpu4 106396 520 4158 17019838 63 0 234 0 0 0
cpu5 103714 279 3861 17023213 58 0 249 0 0 0
cpu6 101522 339 4004 17025996 65 0 56 0 0 0
cpu7 103100 0 4209 17023786 50 0 222 0 0 0
cpu8 99613 0 4222 17027277 81 0 372 0 0 0
cpu9 102434 666 3581 17025151 49 0 256 0 0 0
cpu10 100057 811 4254 17026303 38 0 223 0 0 0
cpu11 98059 0 3955 17030077 26 0 18 0 0 0
cpu12 98106 334 4204 17027952 129 0 199 0 0 0
cpu13 96034 0 3946 17031307 40 0 8 0 0 0
cpu14 95790 625 4050 17031869 37 0 329 0 0 0
cpu15 96410 1 4330 17032103 36 0 32 0 0 0
intr 37190807 33 0 0 0 0 0 0 0 1 1 0 0 0 0 0 0 0 0 50 0 0 0 0 0 0 0 0 0 0 0 0 2 2 2 2 38 365748 1 792379 662966 617748 901102 638276 549898 897702 577643 0 0 0 0 0 0 0 0 0 9 0 0 9 0 0 16 37 2 3 0 12 0 20 16 0 0 0 0 0 0 0 0 0 0 0 0 0 0 0 0 0 0 0 0 0 0 0 0 0 0 0 0 0 0 0 0 0 0 0 119 0 0 0 0 0 0 0 0 0 0 0 0 0 0 0 0 0 0 0 0 0 0 0 0 0 0 0 0 0 0 0 0 0 0 0 0 0 0 0 0 0 0 0 0 0 0 0 0 0 0 0 0 0 0 0 0 0 0 0 0 0 0 0 0 0 0 0 0 0 0 0 0 0 0 0 0 0 0 0 0 0 0 0 0 0 0 0 0 0 0 0 0 0 0 0 0 0 0 0 0 0 0 0 0 0 0 0 0 0 0 0 0 0 0 0 0 0 0 0 0 0 0 0 0 0 0 0 0 0 0 0 0 0 0 0 0 0 0 0 0 0 0 0 0 0 0 0 0 0 0 0 0 0 0 0 0 0 0 0 0 0 0 0 0 0 0 0 0 0 0 0 0 0 0 0 0 0 0 0 0 0 0 0 0 0 0 0 0 0 0 0 0 0 0 0 0 0 0 0 0 0 0 0 0 0 0 0 0 0 0 0 0 0 0 0 0 0 0 0 0 0 0 0 0 0 0 0 0 0 0 0 0 0 0 0 0 0 0 0 0 0 0 0 0 0 0 0 0 0 0 0 0 0 0 0 0 0 0 0 0 0 0 0 0 0 0 0 0 0 0 0 0 0 0 0 0 0 0 0 0 0 0 0 0 0 0 0 0 0 0 0 0 0 0 0 0 0 0 0 0 0 0 0 0 0 0 0 0 0 0 0 0 0 0 0 0 0 0 0 0 0 0 0 0 0 0 0 0 0 0 0 0 0 0 0 0 0 0 0 0 0 0 0 0 0 0 0 0 0 0 0 0 0 0 0 0 0 0 0 0 0 0 0 0 0 0 0 0 0 0 0 0 0 0 0 0 0 0 0 0 0 0 0 0 0 0 0 0 0 0 0 0 0 0 0 0 0 0 0 0 0 0 0 0 0 0 0 0 0 0 0 0 0 0 0 0 0 0 0 0 0 0 0 0 0 0 0 0 0 0 0 0 0 0 0 0 0 0 0 0 0 0 0 0 0 0
ctxt 63358636
btime 1600744687
processes 66669
procs_running 1
procs_blocked 0
softirq 30885271 5 10701608 34962 5707925 360591 0 14518 8609029 0 5456633
