cpu  1622680 3720 65000 272204994 2283 0 11158 0 0 0
cpu0 120326 141 4442 16991333 42 0 5949 0 0 0
cpu1 112825 0 3937 17000293 1367 0 1738 0 0 0
cpu2 108980 0 3933 17005772 106 0 705 0 0 0
cpu3 107530 0 4486 17005507 90 0 621 0 0 0
cpu4 104017 520 4112 17009619 63 0 224 0 0 0
cpu5 101345 279 3815 17012990 58 0 248 0 0 0
cpu6 99073 339 3949 17015866 65 0 54 0 0 0
cpu7 100789 0 4154 17013525 50 0 209 0 0 0
cpu8 97249 0 4172 17017066 81 0 364 0 0 0
cpu9 99966 666 3516 17015061 49 0 246 0 0 0
cpu10 97744 811 4214 17016022 38 0 220 0 0 0
cpu11 95746 0 3893 17019813 26 0 18 0 0 0
cpu12 95869 334 4168 17017599 129 0 194 0 0 0
cpu13 93770 0 3918 17020967 40 0 8 0 0 0
cpu14 93546 625 4021 17021513 37 0 321 0 0 0
cpu15 93900 1 4265 17022041 35 0 32 0 0 0
intr 36913148 33 0 0 0 0 0 0 0 1 1 0 0 0 0 0 0 0 0 50 0 0 0 0 0 0 0 0 0 0 0 0 2 2 2 2 38 364284 1 777825 637717 601112 893335 638079 541715 885036 571113 0 0 0 0 0 0 0 0 0 9 0 0 9 0 0 16 37 2 3 0 12 0 20 16 0 0 0 0 0 0 0 0 0 0 0 0 0 0 0 0 0 0 0 0 0 0 0 0 0 0 0 0 0 0 0 0 0 0 0 119 0 0 0 0 0 0 0 0 0 0 0 0 0 0 0 0 0 0 0 0 0 0 0 0 0 0 0 0 0 0 0 0 0 0 0 0 0 0 0 0 0 0 0 0 0 0 0 0 0 0 0 0 0 0 0 0 0 0 0 0 0 0 0 0 0 0 0 0 0 0 0 0 0 0 0 0 0 0 0 0 0 0 0 0 0 0 0 0 0 0 0 0 0 0 0 0 0 0 0 0 0 0 0 0 0 0 0 0 0 0 0 0 0 0 0 0 0 0 0 0 0 0 0 0 0 0 0 0 0 0 0 0 0 0 0 0 0 0 0 0 0 0 0 0 0 0 0 0 0 0 0 0 0 0 0 0 0 0 0 0 0 0 0 0 0 0 0 0 0 0 0 0 0 0 0 0 0 0 0 0 0 0 0 0 0 0 0 0 0 0 0 0 0 0 0 0 0 0 0 0 0 0 0 0 0 0 0 0 0 0 0 0 0 0 0 0 0 0 0 0 0 0 0 0 0 0 0 0 0 0 0 0 0 0 0 0 0 0 0 0 0 0 0 0 0 0 0 0 0 0 0 0 0 0 0 0 0 0 0 0 0 0 0 0 0 0 0 0 0 0 0 0 0 0 0 0 0 0 0 0 0 0 0 0 0 0 0 0 0 0 0 0 0 0 0 0 0 0 0 0 0 0 0 0 0 0 0 0 0 0 0 0 0 0 0 0 0 0 0 0 0 0 0 0 0 0 0 0 0 0 0 0 0 0 0 0 0 0 0 0 0 0 0 0 0 0 0 0 0 0 0 0 0 0 0 0 0 0 0 0 0 0 0 0 0 0 0 0 0 0 0 0 0 0 0 0 0 0 0 0 0 0 0 0 0 0 0 0 0 0 0 0 0 0 0 0 0 0 0 0 0 0 0 0 0 0 0 0 0 0 0 0 0 0 0 0 0 0 0 0 0 0 0 0 0 0 0 0 0 0 0 0 0 0 0 0 0 0 0 0 0 0 0 0 0 0
ctxt 63210831
btime 1600744687
processes 62802
procs_running 1
procs_blocked 0
softirq 30507254 5 10557457 34937 5616143 359140 0 14254 8540426 0 5384892
