cpu  1615736 3720 64792 272187256 2283 0 10988 0 0 0
cpu0 119892 141 4432 16990220 42 0 5839 0 0 0
cpu1 112424 0 3931 16999144 1367 0 1701 0 0 0
cpu2 108504 0 3914 17004714 106 0 698 0 0 0
cpu3 107141 0 4478 17004350 90 0 616 0 0 0
cpu4 103615 520 4104 17008471 63 0 223 0 0 0
cpu5 100854 279 3791 17011953 58 0 246 0 0 0
cpu6 98655 339 3935 17014744 65 0 54 0 0 0
cpu7 100359 0 4141 17012415 50 0 204 0 0 0
cpu8 96781 0 4154 17015994 81 0 364 0 0 0
cpu9 99551 666 3507 17013928 49 0 246 0 0 0
cpu10 97211 811 4183 17015028 38 0 220 0 0 0
cpu11 95312 0 3877 17018707 26 0 18 0 0 0
cpu12 95457 334 4160 17016461 129 0 194 0 0 0
cpu13 93373 0 3913 17019813 40 0 8 0 0 0
cpu14 93135 625 4012 17020376 37 0 321 0 0 0
cpu15 93466 1 4253 17020930 35 0 32 0 0 0
intr 36854583 33 0 0 0 0 0 0 0 1 1 0 0 0 0 0 0 0 0 50 0 0 0 0 0 0 0 0 0 0 0 0 2 2 2 2 38 364272 1 774057 637621 595782 891731 636523 541515 884780 567280 0 0 0 0 0 0 0 0 0 9 0 0 9 0 0 16 37 2 3 0 12 0 20 16 0 0 0 0 0 0 0 0 0 0 0 0 0 0 0 0 0 0 0 0 0 0 0 0 0 0 0 0 0 0 0 0 0 0 0 119 0 0 0 0 0 0 0 0 0 0 0 0 0 0 0 0 0 0 0 0 0 0 0 0 0 0 0 0 0 0 0 0 0 0 0 0 0 0 0 0 0 0 0 0 0 0 0 0 0 0 0 0 0 0 0 0 0 0 0 0 0 0 0 0 0 0 0 0 0 0 0 0 0 0 0 0 0 0 0 0 0 0 0 0 0 0 0 0 0 0 0 0 0 0 0 0 0 0 0 0 0 0 0 0 0 0 0 0 0 0 0 0 0 0 0 0 0 0 0 0 0 0 0 0 0 0 0 0 0 0 0 0 0 0 0 0 0 0 0 0 0 0 0 0 0 0 0 0 0 0 0 0 0 0 0 0 0 0 0 0 0 0 0 0 0 0 0 0 0 0 0 0 0 0 0 0 0 0 0 0 0 0 0 0 0 0 0 0 0 0 0 0 0 0 0 0 0 0 0 0 0 0 0 0 0 0 0 0 0 0 0 0 0 0 0 0 0 0 0 0 0 0 0 0 0 0 0 0 0 0 0 0 0 0 0 0 0 0 0 0 0 0 0 0 0 0 0 0 0 0 0 0 0 0 0 0 0 0 0 0 0 0 0 0 0 0 0 0 0 0 0 0 0 0 0 0 0 0 0 0 0 0 0 0 0 0 0 0 0 0 0 0 0 0 0 0 0 0 0 0 0 0 0 0 0 0 0 0 0 0 0 0 0 0 0 0 0 0 0 0 0 0 0 0 0 0 0 0 0 0 0 0 0 0 0 0 0 0 0 0 0 0 0 0 0 0 0 0 0 0 0 0 0 0 0 0 0 0 0 0 0 0 0 0 0 0 0 0 0 0 0 0 0 0 0 0 0 0 0 0 0 0 0 0 0 0 0 0 0 0 0 0 0 0 0 0 0 0 0 0 0 0 0 0 0 0 0 0 0 0 0 0 0 0 0 0 0 0 0 0 0 0 0 0 0 0 0 0 0 0 0 0 0 0 0 0 0 0 0 0 0 0 0 0 0 0
ctxt 63178577
btime 1600744687
processes 61623
procs_running 1
procs_blocked 0
softirq 30416477 5 10524538 34934 5599500 359128 0 14210 8520520 0 5363642
