cpu  1781100 3720 67167 272585807 2291 0 12610 0 0 0
cpu0 130580 141 4600 17014746 42 0 6730 0 0 0
cpu1 122626 0 4044 17024215 1373 0 2073 0 0 0
cpu2 118899 0 4060 17029573 107 0 784 0 0 0
cpu3 117309 0 4617 17029414 90 0 696 0 0 0
cpu4 113948 520 4235 17033419 63 0 242 0 0 0
cpu5 111190 279 3953 17036856 58 0 263 0 0 0
cpu6 109008 339 4078 17039651 65 0 58 0 0 0
cpu7 110591 0 4291 17037388 50 0 264 0 0 0
cpu8 107190 0 4315 17040816 81 0 378 0 0 0
cpu9 109925 666 3654 17038804 49 0 262 0 0 0
cpu10 107668 811 4366 17039781 38 0 246 0 0 0
cpu11 105663 0 4052 17043594 26 0 18 0 0 0
cpu12 105585 334 4321 17041555 129 0 210 0 0 0
cpu13 103518 0 4025 17044956 40 0 8 0 0 0
cpu14 103330 625 4127 17045459 37 0 340 0 0 0
cpu15 104064 1 4423 17045572 36 0 32 0 0 0
intr 37931262 33 0 0 0 0 0 0 0 1 1 0 0 0 0 0 0 0 0 50 0 0 0 0 0 0 0 0 0 0 0 0 2 2 2 2 38 367498 1 807072 685102 699687 960138 658989 592713 920513 599679 0 0 0 0 0 0 0 0 0 9 0 0 9 0 0 16 37 2 3 0 12 0 20 16 0 0 0 0 0 0 0 0 0 0 0 0 0 0 0 0 0 0 0 0 0 0 0 0 0 0 0 0 0 0 0 0 0 0 0 119 0 0 0 0 0 0 0 0 0 0 0 0 0 0 0 0 0 0 0 0 0 0 0 0 0 0 0 0 0 0 0 0 0 0 0 0 0 0 0 0 0 0 0 0 0 0 0 0 0 0 0 0 0 0 0 0 0 0 0 0 0 0 0 0 0 0 0 0 0 0 0 0 0 0 0 0 0 0 0 0 0 0 0 0 0 0 0 0 0 0 0 0 0 0 0 0 0 0 0 0 0 0 0 0 0 0 0 0 0 0 0 0 0 0 0 0 0 0 0 0 0 0 0 0 0 0 0 0 0 0 0 0 0 0 0 0 0 0 0 0 0 0 0 0 0 0 0 0 0 0 0 0 0 0 0 0 0 0 0 0 0 0 0 0 0 0 0 0 0 0 0 0 0 0 0 0 0 0 0 0 0 0 0 0 0 0 0 0 0 0 0 0 0 0 0 0 0 0 0 0 0 0 0 0 0 0 0 0 0 0 0 0 0 0 0 0 0 0 0 0 0 0 0 0 0 0 0 0 0 0 0 0 0 0 0 0 0 0 0 0 0 0 0 0 0 0 0 0 0 0 0 0 0 0 0 0 0 0 0 0 0 0 0 0 0 0 0 0 0 0 0 0 0 0 0 0 0 0 0 0 0 0 0 0 0 0 0 0 0 0 0 0 0 0 0 0 0 0 0 0 0 0 0 0 0 0 0 0 0 0 0 0 0 0 0 0 0 0 0 0 0 0 0 0 0 0 0 0 0 0 0 0 0 0 0 0 0 0 0 0 0 0 0 0 0 0 0 0 0 0 0 0 0 0 0 0 0 0 0 0 0 0 0 0 0 0 0 0 0 0 0 0 0 0 0 0 0 0 0 0 0 0 0 0 0 0 0 0 0 0 0 0 0 0 0 0 0 0 0 0 0 0 0 0 0 0 0 0 0 0 0 0 0 0 0 0 0 0 0 0 0 0 0 0 0 0 0 0 0 0 0 0 0 0 0 0 0 0 0 0 0 0 0 0 0 0
ctxt 63666448
btime 1600744687
processes 72731
procs_running 1
procs_blocked 0
softirq 31776324 5 11070054 35005 5994104 362330 0 15161 8722361 0 5577304
