cpu  1588546 3720 63762 271109622 2276 0 10280 0 0 0
cpu0 118078 141 4346 16923013 42 0 5391 0 0 0
cpu1 110701 0 3859 16931826 1364 0 1601 0 0 0
cpu2 106891 0 3861 16937266 105 0 627 0 0 0
cpu3 105528 0 4442 16936879 89 0 585 0 0 0
cpu4 101999 520 4066 16941000 63 0 210 0 0 0
cpu5 99233 279 3733 16944517 57 0 238 0 0 0
cpu6 97042 339 3891 16947274 65 0 52 0 0 0
cpu7 98458 0 4050 16945285 50 0 200 0 0 0
cpu8 94939 0 4080 16948788 80 0 358 0 0 0
cpu9 97939 666 3445 16946501 49 0 234 0 0 0
cpu10 95471 811 4103 16947744 38 0 214 0 0 0
cpu11 93649 0 3824 16951305 26 0 18 0 0 0
cpu12 93759 334 4104 16949107 129 0 190 0 0 0
cpu13 91709 0 3846 16952415 40 0 8 0 0 0
cpu14 91418 625 3917 16953084 37 0 316 0 0 0
cpu15 91725 1 4189 16953611 35 0 32 0 0 0
intr 36548764 33 0 0 0 0 0 0 0 1 1 0 0 0 0 0 0 0 0 50 0 0 0 0 0 0 0 0 0 0 0 0 2 2 2 2 38 362626 1 770051 624844 591038 887270 626578 531624 879072 548537 0 0 0 0 0 0 0 0 0 9 0 0 9 0 0 16 37 2 3 0 12 0 20 16 0 0 0 0 0 0 0 0 0 0 0 0 0 0 0 0 0 0 0 0 0 0 0 0 0 0 0 0 0 0 0 0 0 0 0 119 0 0 0 0 0 0 0 0 0 0 0 0 0 0 0 0 0 0 0 0 0 0 0 0 0 0 0 0 0 0 0 0 0 0 0 0 0 0 0 0 0 0 0 0 0 0 0 0 0 0 0 0 0 0 0 0 0 0 0 0 0 0 0 0 0 0 0 0 0 0 0 0 0 0 0 0 0 0 0 0 0 0 0 0 0 0 0 0 0 0 0 0 0 0 0 0 0 0 0 0 0 0 0 0 0 0 0 0 0 0 0 0 0 0 0 0 0 0 0 0 0 0 0 0 0 0 0 0 0 0 0 0 0 0 0 0 0 0 0 0 0 0 0 0 0 0 0 0 0 0 0 0 0 0 0 0 0 0 0 0 0 0 0 0 0 0 0 0 0 0 0 0 0 0 0 0 0 0 0 0 0 0 0 0 0 0 0 0 0 0 0 0 0 0 0 0 0 0 0 0 0 0 0 0 0 0 0 0 0 0 0 0 0 0 0 0 0 0 0 0 0 0 0 0 0 0 0 0 0 0 0 0 0 0 0 0 0 0 0 0 0 0 0 0 0 0 0 0 0 0 0 0 0 0 0 0 0 0 0 0 0 0 0 0 0 0 0 0 0 0 0 0 0 0 0 0 0 0 0 0 0 0 0 0 0 0 0 0 0 0 0 0 0 0 0 0 0 0 0 0 0 0 0 0 0 0 0 0 0 0 0 0 0 0 0 0 0 0 0 0 0 0 0 0 0 0 0 0 0 0 0 0 0 0 0 0 0 0 0 0 0 0 0 0 0 0 0 0 0 0 0 0 0 0 0 0 0 0 0 0 0 0 0 0 0 0 0 0 0 0 0 0 0 0 0 0 0 0 0 0 0 0 0 0 0 0 0 0 0 0 0 0 0 0 0 0 0 0 0 0 0 0 0 0 0 0 0 0 0 0 0 0 0 0 0 0 0 0 0 0 0 0 0 0 0 0 0 0 0 0 0 0 0 0 0 0 0 0 0 0 0 0 0 0 0 0
ctxt 62906968
btime 1600744687
processes 56190
procs_running 1
procs_blocked 0
softirq 29987601 5 10373542 34797 5529225 357525 0 14032 8409818 0 5268657
