cpu  1625286 3720 65156 272301696 2285 0 11267 0 0 0
cpu0 120534 141 4455 16997324 42 0 6003 0 0 0
cpu1 112971 0 3944 17006355 1369 0 1770 0 0 0
cpu2 109116 0 3940 17011845 106 0 708 0 0 0
cpu3 107702 0 4497 17011540 90 0 634 0 0 0
cpu4 104163 520 4119 17015686 63 0 227 0 0 0
cpu5 101514 279 3825 17019025 58 0 249 0 0 0
cpu6 99226 339 3957 17021923 65 0 54 0 0 0
cpu7 100940 0 4162 17019586 50 0 209 0 0 0
cpu8 97430 0 4184 17023091 81 0 364 0 0 0
cpu9 100142 666 3528 17021089 49 0 246 0 0 0
cpu10 97914 811 4225 17022060 38 0 220 0 0 0
cpu11 95922 0 3914 17025832 26 0 18 0 0 0
cpu12 96008 334 4171 17023670 129 0 196 0 0 0
cpu13 93912 0 3922 17027037 40 0 8 0 0 0
cpu14 93675 625 4028 17027588 37 0 324 0 0 0
cpu15 94110 1 4280 17028036 35 0 32 0 0 0
intr 36947885 33 0 0 0 0 0 0 0 1 1 0 0 0 0 0 0 0 0 50 0 0 0 0 0 0 0 0 0 0 0 0 2 2 2 2 38 364830 1 781736 637847 601217 893403 638128 541957 886664 571233 0 0 0 0 0 0 0 0 0 9 0 0 9 0 0 16 37 2 3 0 12 0 20 16 0 0 0 0 0 0 0 0 0 0 0 0 0 0 0 0 0 0 0 0 0 0 0 0 0 0 0 0 0 0 0 0 0 0 0 119 0 0 0 0 0 0 0 0 0 0 0 0 0 0 0 0 0 0 0 0 0 0 0 0 0 0 0 0 0 0 0 0 0 0 0 0 0 0 0 0 0 0 0 0 0 0 0 0 0 0 0 0 0 0 0 0 0 0 0 0 0 0 0 0 0 0 0 0 0 0 0 0 0 0 0 0 0 0 0 0 0 0 0 0 0 0 0 0 0 0 0 0 0 0 0 0 0 0 0 0 0 0 0 0 0 0 0 0 0 0 0 0 0 0 0 0 0 0 0 0 0 0 0 0 0 0 0 0 0 0 0 0 0 0 0 0 0 0 0 0 0 0 0 0 0 0 0 0 0 0 0 0 0 0 0 0 0 0 0 0 0 0 0 0 0 0 0 0 0 0 0 0 0 0 0 0 0 0 0 0 0 0 0 0 0 0 0 0 0 0 0 0 0 0 0 0 0 0 0 0 0 0 0 0 0 0 0 0 0 0 0 0 0 0 0 0 0 0 0 0 0 0 0 0 0 0 0 0 0 0 0 0 0 0 0 0 0 0 0 0 0 0 0 0 0 0 0 0 0 0 0 0 0 0 0 0 0 0 0 0 0 0 0 0 0 0 0 0 0 0 0 0 0 0 0 0 0 0 0 0 0 0 0 0 0 0 0 0 0 0 0 0 0 0 0 0 0 0 0 0 0 0 0 0 0 0 0 0 0 0 0 0 0 0 0 0 0 0 0 0 0 0 0 0 0 0 0 0 0 0 0 0 0 0 0 0 0 0 0 0 0 0 0 0 0 0 0 0 0 0 0 0 0 0 0 0 0 0 0 0 0 0 0 0 0 0 0 0 0 0 0 0 0 0 0 0 0 0 0 0 0 0 0 0 0 0 0 0 0 0 0 0 0 0 0 0 0 0 0 0 0 0 0 0 0 0 0 0 0 0 0 0 0 0 0 0 0 0 0 0 0 0 0 0 0 0 0 0 0 0 0 0 0 0 0 0 0 0 0 0 0 0 0 0 0 0
ctxt 63239708
btime 1600744687
processes 63643
procs_running 1
procs_blocked 0
softirq 30562697 5 10576378 34949 5622396 359678 0 14301 8555339 0 5399651
