cpu  1594822 3720 64034 271204915 2278 0 10493 0 0 0
cpu0 118520 141 4369 16928910 42 0 5522 0 0 0
cpu1 111086 0 3879 16937783 1364 0 1624 0 0 0
cpu2 107232 0 3874 16943278 106 0 655 0 0 0
cpu3 105894 0 4454 16942872 90 0 595 0 0 0
cpu4 102355 520 4075 16947003 63 0 216 0 0 0
cpu5 99604 279 3748 16950491 57 0 244 0 0 0
cpu6 97408 339 3900 16953267 65 0 52 0 0 0
cpu7 98958 0 4086 16951114 50 0 202 0 0 0
cpu8 95334 0 4096 16954747 80 0 360 0 0 0
cpu9 98272 666 3456 16952513 49 0 236 0 0 0
cpu10 95899 811 4123 16953664 38 0 214 0 0 0
cpu11 94049 0 3838 16957253 26 0 18 0 0 0
cpu12 94181 334 4122 16955027 129 0 192 0 0 0
cpu13 92094 0 3866 16958383 40 0 8 0 0 0
cpu14 91822 625 3942 16959019 37 0 318 0 0 0
cpu15 92106 1 4200 16959584 35 0 32 0 0 0
intr 36618183 33 0 0 0 0 0 0 0 1 1 0 0 0 0 0 0 0 0 50 0 0 0 0 0 0 0 0 0 0 0 0 2 2 2 2 38 362892 1 771821 632503 595031 887425 628420 531703 880900 548711 0 0 0 0 0 0 0 0 0 9 0 0 9 0 0 16 37 2 3 0 12 0 20 16 0 0 0 0 0 0 0 0 0 0 0 0 0 0 0 0 0 0 0 0 0 0 0 0 0 0 0 0 0 0 0 0 0 0 0 119 0 0 0 0 0 0 0 0 0 0 0 0 0 0 0 0 0 0 0 0 0 0 0 0 0 0 0 0 0 0 0 0 0 0 0 0 0 0 0 0 0 0 0 0 0 0 0 0 0 0 0 0 0 0 0 0 0 0 0 0 0 0 0 0 0 0 0 0 0 0 0 0 0 0 0 0 0 0 0 0 0 0 0 0 0 0 0 0 0 0 0 0 0 0 0 0 0 0 0 0 0 0 0 0 0 0 0 0 0 0 0 0 0 0 0 0 0 0 0 0 0 0 0 0 0 0 0 0 0 0 0 0 0 0 0 0 0 0 0 0 0 0 0 0 0 0 0 0 0 0 0 0 0 0 0 0 0 0 0 0 0 0 0 0 0 0 0 0 0 0 0 0 0 0 0 0 0 0 0 0 0 0 0 0 0 0 0 0 0 0 0 0 0 0 0 0 0 0 0 0 0 0 0 0 0 0 0 0 0 0 0 0 0 0 0 0 0 0 0 0 0 0 0 0 0 0 0 0 0 0 0 0 0 0 0 0 0 0 0 0 0 0 0 0 0 0 0 0 0 0 0 0 0 0 0 0 0 0 0 0 0 0 0 0 0 0 0 0 0 0 0 0 0 0 0 0 0 0 0 0 0 0 0 0 0 0 0 0 0 0 0 0 0 0 0 0 0 0 0 0 0 0 0 0 0 0 0 0 0 0 0 0 0 0 0 0 0 0 0 0 0 0 0 0 0 0 0 0 0 0 0 0 0 0 0 0 0 0 0 0 0 0 0 0 0 0 0 0 0 0 0 0 0 0 0 0 0 0 0 0 0 0 0 0 0 0 0 0 0 0 0 0 0 0 0 0 0 0 0 0 0 0 0 0 0 0 0 0 0 0 0 0 0 0 0 0 0 0 0 0 0 0 0 0 0 0 0 0 0 0 0 0 0 0 0 0 0 0 0 0 0 0 0 0 0 0 0 0 0 0 0 0 0 0 0 0 0 0 0 0 0 0 0 0 0 0
ctxt 62961085
btime 1600744687
processes 57705
procs_running 1
procs_blocked 0
softirq 30101073 5 10411404 34809 5546725 357775 0 14070 8442361 0 5293924
