cpu  1601277 3720 64187 271218297 2278 0 10598 0 0 0
cpu0 118984 141 4388 16929677 42 0 5588 0 0 0
cpu1 111472 0 3888 16938637 1364 0 1640 0 0 0
cpu2 107615 0 3881 16944140 106 0 669 0 0 0
cpu3 106268 0 4460 16943743 90 0 596 0 0 0
cpu4 102750 520 4082 16947850 63 0 217 0 0 0
cpu5 99996 279 3756 16951341 57 0 244 0 0 0
cpu6 97785 339 3904 16954136 65 0 52 0 0 0
cpu7 99375 0 4093 16951939 50 0 202 0 0 0
cpu8 95775 0 4108 16955541 80 0 363 0 0 0
cpu9 98647 666 3462 16953382 49 0 236 0 0 0
cpu10 96317 811 4135 16954485 38 0 216 0 0 0
cpu11 94439 0 3844 16958108 26 0 18 0 0 0
cpu12 94562 334 4131 16955885 129 0 194 0 0 0
cpu13 92504 0 3882 16959206 40 0 8 0 0 0
cpu14 92207 625 3950 16959873 37 0 318 0 0 0
cpu15 92576 1 4217 16960347 35 0 32 0 0 0
intr 36670207 33 0 0 0 0 0 0 0 1 1 0 0 0 0 0 0 0 0 50 0 0 0 0 0 0 0 0 0 0 0 0 2 2 2 2 38 362905 1 773464 632584 595123 887492 628497 535495 880926 559294 0 0 0 0 0 0 0 0 0 9 0 0 9 0 0 16 37 2 3 0 12 0 20 16 0 0 0 0 0 0 0 0 0 0 0 0 0 0 0 0 0 0 0 0 0 0 0 0 0 0 0 0 0 0 0 0 0 0 0 119 0 0 0 0 0 0 0 0 0 0 0 0 0 0 0 0 0 0 0 0 0 0 0 0 0 0 0 0 0 0 0 0 0 0 0 0 0 0 0 0 0 0 0 0 0 0 0 0 0 0 0 0 0 0 0 0 0 0 0 0 0 0 0 0 0 0 0 0 0 0 0 0 0 0 0 0 0 0 0 0 0 0 0 0 0 0 0 0 0 0 0 0 0 0 0 0 0 0 0 0 0 0 0 0 0 0 0 0 0 0 0 0 0 0 0 0 0 0 0 0 0 0 0 0 0 0 0 0 0 0 0 0 0 0 0 0 0 0 0 0 0 0 0 0 0 0 0 0 0 0 0 0 0 0 0 0 0 0 0 0 0 0 0 0 0 0 0 0 0 0 0 0 0 0 0 0 0 0 0 0 0 0 0 0 0 0 0 0 0 0 0 0 0 0 0 0 0 0 0 0 0 0 0 0 0 0 0 0 0 0 0 0 0 0 0 0 0 0 0 0 0 0 0 0 0 0 0 0 0 0 0 0 0 0 0 0 0 0 0 0 0 0 0 0 0 0 0 0 0 0 0 0 0 0 0 0 0 0 0 0 0 0 0 0 0 0 0 0 0 0 0 0 0 0 0 0 0 0 0 0 0 0 0 0 0 0 0 0 0 0 0 0 0 0 0 0 0 0 0 0 0 0 0 0 0 0 0 0 0 0 0 0 0 0 0 0 0 0 0 0 0 0 0 0 0 0 0 0 0 0 0 0 0 0 0 0 0 0 0 0 0 0 0 0 0 0 0 0 0 0 0 0 0 0 0 0 0 0 0 0 0 0 0 0 0 0 0 0 0 0 0 0 0 0 0 0 0 0 0 0 0 0 0 0 0 0 0 0 0 0 0 0 0 0 0 0 0 0 0 0 0 0 0 0 0 0 0 0 0 0 0 0 0 0 0 0 0 0 0 0 0 0 0 0 0 0 0 0 0 0 0 0 0 0 0 0 0 0 0 0 0 0 0 0 0 0
ctxt 62991968
btime 1600744687
processes 58546
procs_running 1
procs_blocked 0
softirq 30177905 5 10439396 34812 5563086 357788 0 14098 8460032 0 5308688
