cpu  1691093 3720 66248 272403798 2288 0 12020 0 0 0
cpu0 124895 141 4546 17003430 42 0 6384 0 0 0
cpu1 117017 0 3997 17012810 1371 0 1975 0 0 0
cpu2 113166 0 3994 17018311 107 0 763 0 0 0
cpu3 111741 0 4565 17017988 90 0 664 0 0 0
cpu4 108347 520 4189 17022002 63 0 238 0 0 0
cpu5 105644 279 3896 17025400 58 0 256 0 0 0
cpu6 103382 339 4030 17028262 65 0 57 0 0 0
cpu7 105040 0 4238 17025966 50 0 223 0 0 0
cpu8 101547 0 4260 17029451 81 0 376 0 0 0
cpu9 104302 666 3604 17027407 49 0 259 0 0 0
cpu10 102057 811 4297 17028413 38 0 226 0 0 0
cpu11 99946 0 3979 17032314 26 0 18 0 0 0
cpu12 100006 334 4236 17030163 129 0 201 0 0 0
cpu13 97906 0 3964 17033564 40 0 8 0 0 0
cpu14 97690 625 4077 17034087 37 0 334 0 0 0
cpu15 98402 1 4368 17034222 36 0 32 0 0 0
intr 37393172 33 0 0 0 0 0 0 0 1 1 0 0 0 0 0 0 0 0 50 0 0 0 0 0 0 0 0 0 0 0 0 2 2 2 2 38 366404 1 800006 665967 625301 916948 656040 565149 900779 580607 0 0 0 0 0 0 0 0 0 9 0 0 9 0 0 16 37 2 3 0 12 0 20 16 0 0 0 0 0 0 0 0 0 0 0 0 0 0 0 0 0 0 0 0 0 0 0 0 0 0 0 0 0 0 0 0 0 0 0 119 0 0 0 0 0 0 0 0 0 0 0 0 0 0 0 0 0 0 0 0 0 0 0 0 0 0 0 0 0 0 0 0 0 0 0 0 0 0 0 0 0 0 0 0 0 0 0 0 0 0 0 0 0 0 0 0 0 0 0 0 0 0 0 0 0 0 0 0 0 0 0 0 0 0 0 0 0 0 0 0 0 0 0 0 0 0 0 0 0 0 0 0 0 0 0 0 0 0 0 0 0 0 0 0 0 0 0 0 0 0 0 0 0 0 0 0 0 0 0 0 0 0 0 0 0 0 0 0 0 0 0 0 0 0 0 0 0 0 0 0 0 0 0 0 0 0 0 0 0 0 0 0 0 0 0 0 0 0 0 0 0 0 0 0 0 0 0 0 0 0 0 0 0 0 0 0 0 0 0 0 0 0 0 0 0 0 0 0 0 0 0 0 0 0 0 0 0 0 0 0 0 0 0 0 0 0 0 0 0 0 0 0 0 0 0 0 0 0 0 0 0 0 0 0 0 0 0 0 0 0 0 0 0 0 0 0 0 0 0 0 0 0 0 0 0 0 0 0 0 0 0 0 0 0 0 0 0 0 0 0 0 0 0 0 0 0 0 0 0 0 0 0 0 0 0 0 0 0 0 0 0 0 0 0 0 0 0 0 0 0 0 0 0 0 0 0 0 0 0 0 0 0 0 0 0 0 0 0 0 0 0 0 0 0 0 0 0 0 0 0 0 0 0 0 0 0 0 0 0 0 0 0 0 0 0 0 0 0 0 0 0 0 0 0 0 0 0 0 0 0 0 0 0 0 0 0 0 0 0 0 0 0 0 0 0 0 0 0 0 0 0 0 0 0 0 0 0 0 0 0 0 0 0 0 0 0 0 0 0 0 0 0 0 0 0 0 0 0 0 0 0 0 0 0 0 0 0 0 0 0 0 0 0 0 0 0 0 0 0 0 0 0 0 0 0 0 0 0 0 0 0 0 0 0 0 0 0 0 0 0 0 0 0 0 0 0
ctxt 63448189
btime 1600744687
processes 69028
procs_running 1
procs_blocked 0
softirq 31146981 5 10805555 34971 5781008 361243 0 14665 8649345 0 5500189
