cpu  1576091 3720 63307 271039582 2273 0 9864 0 0 0
cpu0 117375 141 4325 16918559 41 0 5114 0 0 0
cpu1 109915 0 3829 16927459 1362 0 1516 0 0 0
cpu2 106132 0 3831 16932874 105 0 598 0 0 0
cpu3 104786 0 4407 16932478 89 0 572 0 0 0
cpu4 101365 520 4038 16936480 63 0 207 0 0 0
cpu5 98389 279 3696 16940215 57 0 237 0 0 0
cpu6 96190 339 3864 16942962 65 0 52 0 0 0
cpu7 97703 0 4018 16940887 50 0 196 0 0 0
cpu8 94082 0 4052 16944483 80 0 358 0 0 0
cpu9 97268 666 3421 16942018 49 0 234 0 0 0
cpu10 94653 811 4077 16943410 38 0 212 0 0 0
cpu11 92854 0 3808 16946934 26 0 18 0 0 0
cpu12 93016 334 4086 16944690 129 0 190 0 0 0
cpu13 90920 0 3811 16948045 40 0 8 0 0 0
cpu14 90622 625 3893 16948710 37 0 316 0 0 0
cpu15 90816 1 4144 16949372 35 0 32 0 0 0
intr 36414059 33 0 0 0 0 0 0 0 1 1 0 0 0 0 0 0 0 0 50 0 0 0 0 0 0 0 0 0 0 0 0 2 2 2 2 38 361582 1 760419 622827 575853 881406 624673 525834 878971 548248 0 0 0 0 0 0 0 0 0 9 0 0 9 0 0 16 37 2 3 0 12 0 20 16 0 0 0 0 0 0 0 0 0 0 0 0 0 0 0 0 0 0 0 0 0 0 0 0 0 0 0 0 0 0 0 0 0 0 0 119 0 0 0 0 0 0 0 0 0 0 0 0 0 0 0 0 0 0 0 0 0 0 0 0 0 0 0 0 0 0 0 0 0 0 0 0 0 0 0 0 0 0 0 0 0 0 0 0 0 0 0 0 0 0 0 0 0 0 0 0 0 0 0 0 0 0 0 0 0 0 0 0 0 0 0 0 0 0 0 0 0 0 0 0 0 0 0 0 0 0 0 0 0 0 0 0 0 0 0 0 0 0 0 0 0 0 0 0 0 0 0 0 0 0 0 0 0 0 0 0 0 0 0 0 0 0 0 0 0 0 0 0 0 0 0 0 0 0 0 0 0 0 0 0 0 0 0 0 0 0 0 0 0 0 0 0 0 0 0 0 0 0 0 0 0 0 0 0 0 0 0 0 0 0 0 0 0 0 0 0 0 0 0 0 0 0 0 0 0 0 0 0 0 0 0 0 0 0 0 0 0 0 0 0 0 0 0 0 0 0 0 0 0 0 0 0 0 0 0 0 0 0 0 0 0 0 0 0 0 0 0 0 0 0 0 0 0 0 0 0 0 0 0 0 0 0 0 0 0 0 0 0 0 0 0 0 0 0 0 0 0 0 0 0 0 0 0 0 0 0 0 0 0 0 0 0 0 0 0 0 0 0 0 0 0 0 0 0 0 0 0 0 0 0 0 0 0 0 0 0 0 0 0 0 0 0 0 0 0 0 0 0 0 0 0 0 0 0 0 0 0 0 0 0 0 0 0 0 0 0 0 0 0 0 0 0 0 0 0 0 0 0 0 0 0 0 0 0 0 0 0 0 0 0 0 0 0 0 0 0 0 0 0 0 0 0 0 0 0 0 0 0 0 0 0 0 0 0 0 0 0 0 0 0 0 0 0 0 0 0 0 0 0 0 0 0 0 0 0 0 0 0 0 0 0 0 0 0 0 0 0 0 0 0 0 0 0 0 0 0 0 0 0 0 0 0 0 0 0 0 0 0 0 0 0 0 0 0 0 0 0 0 0 0 0 0
ctxt 62811781
btime 1600744687
processes 53662
procs_running 1
procs_blocked 0
softirq 29769820 5 10302758 34787 5488442 356493 0 13969 8346784 0 5226582
