cpu  1727845 3720 66721 272559992 2291 0 12346 0 0 0
cpu0 127230 141 4569 17013158 42 0 6580 0 0 0
cpu1 119313 0 4022 17022580 1373 0 2030 0 0 0
cpu2 115413 0 4014 17028131 107 0 778 0 0 0
cpu3 114050 0 4595 17027741 90 0 672 0 0 0
cpu4 110591 520 4209 17031828 63 0 240 0 0 0
cpu5 107911 279 3918 17035197 58 0 263 0 0 0
cpu6 105684 339 4055 17038025 65 0 58 0 0 0
cpu7 107298 0 4263 17035762 50 0 242 0 0 0
cpu8 103899 0 4295 17039154 81 0 376 0 0 0
cpu9 106562 666 3622 17037222 49 0 262 0 0 0
cpu10 104344 811 4331 17038178 38 0 233 0 0 0
cpu11 102329 0 4020 17041986 26 0 18 0 0 0
cpu12 102276 334 4293 17039919 129 0 209 0 0 0
cpu13 100188 0 4002 17043334 40 0 8 0 0 0
cpu14 100029 625 4107 17043805 37 0 340 0 0 0
cpu15 100722 1 4399 17043964 36 0 32 0 0 0
intr 37626208 33 0 0 0 0 0 0 0 1 1 0 0 0 0 0 0 0 0 50 0 0 0 0 0 0 0 0 0 0 0 0 2 2 2 2 38 367128 1 806870 684950 649681 917160 658877 579683 920005 580819 0 0 0 0 0 0 0 0 0 9 0 0 9 0 0 16 37 2 3 0 12 0 20 16 0 0 0 0 0 0 0 0 0 0 0 0 0 0 0 0 0 0 0 0 0 0 0 0 0 0 0 0 0 0 0 0 0 0 0 119 0 0 0 0 0 0 0 0 0 0 0 0 0 0 0 0 0 0 0 0 0 0 0 0 0 0 0 0 0 0 0 0 0 0 0 0 0 0 0 0 0 0 0 0 0 0 0 0 0 0 0 0 0 0 0 0 0 0 0 0 0 0 0 0 0 0 0 0 0 0 0 0 0 0 0 0 0 0 0 0 0 0 0 0 0 0 0 0 0 0 0 0 0 0 0 0 0 0 0 0 0 0 0 0 0 0 0 0 0 0 0 0 0 0 0 0 0 0 0 0 0 0 0 0 0 0 0 0 0 0 0 0 0 0 0 0 0 0 0 0 0 0 0 0 0 0 0 0 0 0 0 0 0 0 0 0 0 0 0 0 0 0 0 0 0 0 0 0 0 0 0 0 0 0 0 0 0 0 0 0 0 0 0 0 0 0 0 0 0 0 0 0 0 0 0 0 0 0 0 0 0 0 0 0 0 0 0 0 0 0 0 0 0 0 0 0 0 0 0 0 0 0 0 0 0 0 0 0 0 0 0 0 0 0 0 0 0 0 0 0 0 0 0 0 0 0 0 0 0 0 0 0 0 0 0 0 0 0 0 0 0 0 0 0 0 0 0 0 0 0 0 0 0 0 0 0 0 0 0 0 0 0 0 0 0 0 0 0 0 0 0 0 0 0 0 0 0 0 0 0 0 0 0 0 0 0 0 0 0 0 0 0 0 0 0 0 0 0 0 0 0 0 0 0 0 0 0 0 0 0 0 0 0 0 0 0 0 0 0 0 0 0 0 0 0 0 0 0 0 0 0 0 0 0 0 0 0 0 0 0 0 0 0 0 0 0 0 0 0 0 0 0 0 0 0 0 0 0 0 0 0 0 0 0 0 0 0 0 0 0 0 0 0 0 0 0 0 0 0 0 0 0 0 0 0 0 0 0 0 0 0 0 0 0 0 0 0 0 0 0 0 0 0 0 0 0 0 0 0 0 0 0 0 0 0 0 0 0 0 0 0 0 0 0 0 0
ctxt 63557045
btime 1600744687
processes 71050
procs_running 1
procs_blocked 0
softirq 31429258 5 10920518 34995 5868256 361964 0 14880 8687636 0 5541004
