cpu  1791646 3720 67224 272588076 2291 0 12646 0 0 0
cpu0 131238 141 4603 17014890 42 0 6748 0 0 0
cpu1 123314 0 4050 17024328 1373 0 2078 0 0 0
cpu2 119554 0 4062 17029721 107 0 785 0 0 0
cpu3 117962 0 4620 17029562 90 0 697 0 0 0
cpu4 114634 520 4242 17033531 63 0 242 0 0 0
cpu5 111845 279 3958 17037003 58 0 263 0 0 0
cpu6 109660 339 4081 17039800 65 0 58 0 0 0
cpu7 111233 0 4298 17037536 50 0 270 0 0 0
cpu8 107839 0 4317 17040966 81 0 383 0 0 0
cpu9 110590 666 3657 17038942 49 0 262 0 0 0
cpu10 108324 811 4369 17039929 38 0 246 0 0 0
cpu11 106327 0 4057 17043731 26 0 18 0 0 0
cpu12 106238 334 4324 17041704 129 0 210 0 0 0
cpu13 104182 0 4027 17045097 40 0 8 0 0 0
cpu14 103982 625 4129 17045609 37 0 340 0 0 0
cpu15 104719 1 4425 17045720 36 0 32 0 0 0
intr 37988375 33 0 0 0 0 0 0 0 1 1 0 0 0 0 0 0 0 0 50 0 0 0 0 0 0 0 0 0 0 0 0 2 2 2 2 38 367504 1 807094 685106 705936 960180 658998 592765 920547 618378 0 0 0 0 0 0 0 0 0 9 0 0 9 0 0 16 37 2 3 0 12 0 20 16 0 0 0 0 0 0 0 0 0 0 0 0 0 0 0 0 0 0 0 0 0 0 0 0 0 0 0 0 0 0 0 0 0 0 0 119 0 0 0 0 0 0 0 0 0 0 0 0 0 0 0 0 0 0 0 0 0 0 0 0 0 0 0 0 0 0 0 0 0 0 0 0 0 0 0 0 0 0 0 0 0 0 0 0 0 0 0 0 0 0 0 0 0 0 0 0 0 0 0 0 0 0 0 0 0 0 0 0 0 0 0 0 0 0 0 0 0 0 0 0 0 0 0 0 0 0 0 0 0 0 0 0 0 0 0 0 0 0 0 0 0 0 0 0 0 0 0 0 0 0 0 0 0 0 0 0 0 0 0 0 0 0 0 0 0 0 0 0 0 0 0 0 0 0 0 0 0 0 0 0 0 0 0 0 0 0 0 0 0 0 0 0 0 0 0 0 0 0 0 0 0 0 0 0 0 0 0 0 0 0 0 0 0 0 0 0 0 0 0 0 0 0 0 0 0 0 0 0 0 0 0 0 0 0 0 0 0 0 0 0 0 0 0 0 0 0 0 0 0 0 0 0 0 0 0 0 0 0 0 0 0 0 0 0 0 0 0 0 0 0 0 0 0 0 0 0 0 0 0 0 0 0 0 0 0 0 0 0 0 0 0 0 0 0 0 0 0 0 0 0 0 0 0 0 0 0 0 0 0 0 0 0 0 0 0 0 0 0 0 0 0 0 0 0 0 0 0 0 0 0 0 0 0 0 0 0 0 0 0 0 0 0 0 0 0 0 0 0 0 0 0 0 0 0 0 0 0 0 0 0 0 0 0 0 0 0 0 0 0 0 0 0 0 0 0 0 0 0 0 0 0 0 0 0 0 0 0 0 0 0 0 0 0 0 0 0 0 0 0 0 0 0 0 0 0 0 0 0 0 0 0 0 0 0 0 0 0 0 0 0 0 0 0 0 0 0 0 0 0 0 0 0 0 0 0 0 0 0 0 0 0 0 0 0 0 0 0 0 0 0 0 0 0 0 0 0 0 0 0 0 0 0 0 0 0 0 0 0 0 0 0 0 0 0 0 0 0 0 0 0 0 0
ctxt 63685157
btime 1600744687
processes 72899
procs_running 1
procs_blocked 0
softirq 31836324 5 11096543 35006 6019215 362336 0 15199 8726600 0 5581420
