cpu  1682450 3720 66130 272396381 2288 0 11964 0 0 0
cpu0 124300 141 4531 17003027 42 0 6361 0 0 0
cpu1 116484 0 3991 17012339 1371 0 1960 0 0 0
cpu2 112642 0 3990 17017828 107 0 757 0 0 0
cpu3 111226 0 4554 17017509 90 0 655 0 0 0
cpu4 107816 520 4185 17021526 63 0 238 0 0 0
cpu5 105113 279 3891 17024924 58 0 256 0 0 0
cpu6 102858 339 4021 17027781 65 0 57 0 0 0
cpu7 104480 0 4228 17025527 50 0 222 0 0 0
cpu8 101017 0 4254 17028975 81 0 376 0 0 0
cpu9 103745 666 3596 17026959 49 0 259 0 0 0
cpu10 101482 811 4287 17027987 38 0 224 0 0 0
cpu11 99412 0 3974 17031841 26 0 18 0 0 0
cpu12 99485 334 4228 17029681 129 0 201 0 0 0
cpu13 97386 0 3960 17033079 40 0 8 0 0 0
cpu14 97125 625 4070 17033645 37 0 334 0 0 0
cpu15 97872 1 4363 17033745 36 0 32 0 0 0
intr 37339067 33 0 0 0 0 0 0 0 1 1 0 0 0 0 0 0 0 0 50 0 0 0 0 0 0 0 0 0 0 0 0 2 2 2 2 38 366087 1 800001 665962 617856 911552 655964 557652 900707 580532 0 0 0 0 0 0 0 0 0 9 0 0 9 0 0 16 37 2 3 0 12 0 20 16 0 0 0 0 0 0 0 0 0 0 0 0 0 0 0 0 0 0 0 0 0 0 0 0 0 0 0 0 0 0 0 0 0 0 0 119 0 0 0 0 0 0 0 0 0 0 0 0 0 0 0 0 0 0 0 0 0 0 0 0 0 0 0 0 0 0 0 0 0 0 0 0 0 0 0 0 0 0 0 0 0 0 0 0 0 0 0 0 0 0 0 0 0 0 0 0 0 0 0 0 0 0 0 0 0 0 0 0 0 0 0 0 0 0 0 0 0 0 0 0 0 0 0 0 0 0 0 0 0 0 0 0 0 0 0 0 0 0 0 0 0 0 0 0 0 0 0 0 0 0 0 0 0 0 0 0 0 0 0 0 0 0 0 0 0 0 0 0 0 0 0 0 0 0 0 0 0 0 0 0 0 0 0 0 0 0 0 0 0 0 0 0 0 0 0 0 0 0 0 0 0 0 0 0 0 0 0 0 0 0 0 0 0 0 0 0 0 0 0 0 0 0 0 0 0 0 0 0 0 0 0 0 0 0 0 0 0 0 0 0 0 0 0 0 0 0 0 0 0 0 0 0 0 0 0 0 0 0 0 0 0 0 0 0 0 0 0 0 0 0 0 0 0 0 0 0 0 0 0 0 0 0 0 0 0 0 0 0 0 0 0 0 0 0 0 0 0 0 0 0 0 0 0 0 0 0 0 0 0 0 0 0 0 0 0 0 0 0 0 0 0 0 0 0 0 0 0 0 0 0 0 0 0 0 0 0 0 0 0 0 0 0 0 0 0 0 0 0 0 0 0 0 0 0 0 0 0 0 0 0 0 0 0 0 0 0 0 0 0 0 0 0 0 0 0 0 0 0 0 0 0 0 0 0 0 0 0 0 0 0 0 0 0 0 0 0 0 0 0 0 0 0 0 0 0 0 0 0 0 0 0 0 0 0 0 0 0 0 0 0 0 0 0 0 0 0 0 0 0 0 0 0 0 0 0 0 0 0 0 0 0 0 0 0 0 0 0 0 0 0 0 0 0 0 0 0 0 0 0 0 0 0 0 0 0 0 0 0 0 0 0 0 0 0 0 0 0 0 0 0 0 0
ctxt 63425848
btime 1600744687
processes 68522
procs_running 1
procs_blocked 0
softirq 31080273 5 10778035 34969 5760437 360928 0 14621 8640717 0 5490561
