cpu  1656204 3720 65719 272366164 2287 0 11689 0 0 0
cpu0 122631 141 4510 17001164 42 0 6210 0 0 0
cpu1 114885 0 3970 17010405 1371 0 1892 0 0 0
cpu2 111015 0 3968 17015923 106 0 740 0 0 0
cpu3 109610 0 4526 17015602 90 0 647 0 0 0
cpu4 106129 520 4156 17019687 63 0 234 0 0 0
cpu5 103450 279 3859 17023061 58 0 249 0 0 0
cpu6 101256 339 4002 17025845 65 0 56 0 0 0
cpu7 102843 0 4206 17023630 50 0 220 0 0 0
cpu8 99351 0 4218 17027125 81 0 370 0 0 0
cpu9 102147 666 3575 17025024 49 0 256 0 0 0
cpu10 99796 811 4250 17026149 38 0 223 0 0 0
cpu11 97794 0 3949 17029927 26 0 18 0 0 0
cpu12 97847 334 4200 17027796 129 0 199 0 0 0
cpu13 95765 0 3945 17031160 40 0 8 0 0 0
cpu14 95527 625 4049 17031713 37 0 329 0 0 0
cpu15 96151 1 4328 17031946 36 0 32 0 0 0
intr 37164665 33 0 0 0 0 0 0 0 1 1 0 0 0 0 0 0 0 0 50 0 0 0 0 0 0 0 0 0 0 0 0 2 2 2 2 38 365341 1 792376 662946 610277 901096 638274 549842 897651 574764 0 0 0 0 0 0 0 0 0 9 0 0 9 0 0 16 37 2 3 0 12 0 20 16 0 0 0 0 0 0 0 0 0 0 0 0 0 0 0 0 0 0 0 0 0 0 0 0 0 0 0 0 0 0 0 0 0 0 0 119 0 0 0 0 0 0 0 0 0 0 0 0 0 0 0 0 0 0 0 0 0 0 0 0 0 0 0 0 0 0 0 0 0 0 0 0 0 0 0 0 0 0 0 0 0 0 0 0 0 0 0 0 0 0 0 0 0 0 0 0 0 0 0 0 0 0 0 0 0 0 0 0 0 0 0 0 0 0 0 0 0 0 0 0 0 0 0 0 0 0 0 0 0 0 0 0 0 0 0 0 0 0 0 0 0 0 0 0 0 0 0 0 0 0 0 0 0 0 0 0 0 0 0 0 0 0 0 0 0 0 0 0 0 0 0 0 0 0 0 0 0 0 0 0 0 0 0 0 0 0 0 0 0 0 0 0 0 0 0 0 0 0 0 0 0 0 0 0 0 0 0 0 0 0 0 0 0 0 0 0 0 0 0 0 0 0 0 0 0 0 0 0 0 0 0 0 0 0 0 0 0 0 0 0 0 0 0 0 0 0 0 0 0 0 0 0 0 0 0 0 0 0 0 0 0 0 0 0 0 0 0 0 0 0 0 0 0 0 0 0 0 0 0 0 0 0 0 0 0 0 0 0 0 0 0 0 0 0 0 0 0 0 0 0 0 0 0 0 0 0 0 0 0 0 0 0 0 0 0 0 0 0 0 0 0 0 0 0 0 0 0 0 0 0 0 0 0 0 0 0 0 0 0 0 0 0 0 0 0 0 0 0 0 0 0 0 0 0 0 0 0 0 0 0 0 0 0 0 0 0 0 0 0 0 0 0 0 0 0 0 0 0 0 0 0 0 0 0 0 0 0 0 0 0 0 0 0 0 0 0 0 0 0 0 0 0 0 0 0 0 0 0 0 0 0 0 0 0 0 0 0 0 0 0 0 0 0 0 0 0 0 0 0 0 0 0 0 0 0 0 0 0 0 0 0 0 0 0 0 0 0 0 0 0 0 0 0 0 0 0 0 0 0 0 0 0 0 0 0 0 0 0 0 0 0 0 0 0 0 0 0 0 0 0 0 0
ctxt 63347439
btime 1600744687
processes 66501
procs_running 1
procs_blocked 0
softirq 30853641 5 10688913 34961 5697437 360185 0 14491 8605649 0 5452000
