cpu  1717091 3720 66607 272552060 2290 0 12270 0 0 0
cpu0 126538 141 4563 17012678 42 0 6532 0 0 0
cpu1 118649 0 4018 17022072 1373 0 2028 0 0 0
cpu2 114749 0 4009 17027626 107 0 773 0 0 0
cpu3 113362 0 4586 17027262 90 0 670 0 0 0
cpu4 109931 520 4202 17031319 63 0 239 0 0 0
cpu5 107255 279 3913 17034682 58 0 262 0 0 0
cpu6 105019 339 4050 17037520 65 0 58 0 0 0
cpu7 106660 0 4254 17035250 50 0 224 0 0 0
cpu8 103203 0 4286 17038683 81 0 376 0 0 0
cpu9 105907 666 3614 17036705 49 0 262 0 0 0
cpu10 103686 811 4326 17037666 38 0 233 0 0 0
cpu11 101633 0 4011 17041515 26 0 18 0 0 0
cpu12 101585 334 4283 17039447 129 0 209 0 0 0
cpu13 99521 0 3993 17042836 40 0 8 0 0 0
cpu14 99325 625 4099 17043342 37 0 340 0 0 0
cpu15 100064 1 4395 17043449 36 0 32 0 0 0
intr 37562256 33 0 0 0 0 0 0 0 1 1 0 0 0 0 0 0 0 0 50 0 0 0 0 0 0 0 0 0 0 0 0 2 2 2 2 38 366752 1 806786 684889 625447 917150 658818 579593 919934 580781 0 0 0 0 0 0 0 0 0 9 0 0 9 0 0 16 37 2 3 0 12 0 20 16 0 0 0 0 0 0 0 0 0 0 0 0 0 0 0 0 0 0 0 0 0 0 0 0 0 0 0 0 0 0 0 0 0 0 0 119 0 0 0 0 0 0 0 0 0 0 0 0 0 0 0 0 0 0 0 0 0 0 0 0 0 0 0 0 0 0 0 0 0 0 0 0 0 0 0 0 0 0 0 0 0 0 0 0 0 0 0 0 0 0 0 0 0 0 0 0 0 0 0 0 0 0 0 0 0 0 0 0 0 0 0 0 0 0 0 0 0 0 0 0 0 0 0 0 0 0 0 0 0 0 0 0 0 0 0 0 0 0 0 0 0 0 0 0 0 0 0 0 0 0 0 0 0 0 0 0 0 0 0 0 0 0 0 0 0 0 0 0 0 0 0 0 0 0 0 0 0 0 0 0 0 0 0 0 0 0 0 0 0 0 0 0 0 0 0 0 0 0 0 0 0 0 0 0 0 0 0 0 0 0 0 0 0 0 0 0 0 0 0 0 0 0 0 0 0 0 0 0 0 0 0 0 0 0 0 0 0 0 0 0 0 0 0 0 0 0 0 0 0 0 0 0 0 0 0 0 0 0 0 0 0 0 0 0 0 0 0 0 0 0 0 0 0 0 0 0 0 0 0 0 0 0 0 0 0 0 0 0 0 0 0 0 0 0 0 0 0 0 0 0 0 0 0 0 0 0 0 0 0 0 0 0 0 0 0 0 0 0 0 0 0 0 0 0 0 0 0 0 0 0 0 0 0 0 0 0 0 0 0 0 0 0 0 0 0 0 0 0 0 0 0 0 0 0 0 0 0 0 0 0 0 0 0 0 0 0 0 0 0 0 0 0 0 0 0 0 0 0 0 0 0 0 0 0 0 0 0 0 0 0 0 0 0 0 0 0 0 0 0 0 0 0 0 0 0 0 0 0 0 0 0 0 0 0 0 0 0 0 0 0 0 0 0 0 0 0 0 0 0 0 0 0 0 0 0 0 0 0 0 0 0 0 0 0 0 0 0 0 0 0 0 0 0 0 0 0 0 0 0 0 0 0 0 0 0 0 0 0 0 0 0 0 0 0 0 0 0 0 0 0 0 0
ctxt 63531574
btime 1600744687
processes 70546
procs_running 1
procs_blocked 0
softirq 31352698 5 10888854 34993 5843609 361588 0 14827 8678294 0 5530528
