cpu  1706458 3720 66510 272546974 2290 0 12232 0 0 0
cpu0 125882 141 4560 17012348 42 0 6514 0 0 0
cpu1 117997 0 4015 17021738 1373 0 2022 0 0 0
cpu2 114090 0 4005 17027299 107 0 772 0 0 0
cpu3 112668 0 4577 17026976 90 0 670 0 0 0
cpu4 109272 520 4198 17030994 63 0 238 0 0 0
cpu5 106594 279 3910 17034359 58 0 262 0 0 0
cpu6 104363 339 4048 17037188 65 0 58 0 0 0
cpu7 105995 0 4250 17034928 50 0 223 0 0 0
cpu8 102518 0 4277 17038389 81 0 376 0 0 0
cpu9 105255 666 3611 17036373 49 0 259 0 0 0
cpu10 103040 811 4314 17037339 38 0 227 0 0 0
cpu11 100974 0 4006 17041189 26 0 18 0 0 0
cpu12 100926 334 4280 17039122 129 0 209 0 0 0
cpu13 98869 0 3982 17042508 40 0 8 0 0 0
cpu14 98631 625 4088 17043059 37 0 340 0 0 0
cpu15 99378 1 4383 17043159 36 0 32 0 0 0
intr 37501694 33 0 0 0 0 0 0 0 1 1 0 0 0 0 0 0 0 0 50 0 0 0 0 0 0 0 0 0 0 0 0 2 2 2 2 38 366748 1 806690 666113 625424 917113 658777 573003 919900 580771 0 0 0 0 0 0 0 0 0 9 0 0 9 0 0 16 37 2 3 0 12 0 20 16 0 0 0 0 0 0 0 0 0 0 0 0 0 0 0 0 0 0 0 0 0 0 0 0 0 0 0 0 0 0 0 0 0 0 0 119 0 0 0 0 0 0 0 0 0 0 0 0 0 0 0 0 0 0 0 0 0 0 0 0 0 0 0 0 0 0 0 0 0 0 0 0 0 0 0 0 0 0 0 0 0 0 0 0 0 0 0 0 0 0 0 0 0 0 0 0 0 0 0 0 0 0 0 0 0 0 0 0 0 0 0 0 0 0 0 0 0 0 0 0 0 0 0 0 0 0 0 0 0 0 0 0 0 0 0 0 0 0 0 0 0 0 0 0 0 0 0 0 0 0 0 0 0 0 0 0 0 0 0 0 0 0 0 0 0 0 0 0 0 0 0 0 0 0 0 0 0 0 0 0 0 0 0 0 0 0 0 0 0 0 0 0 0 0 0 0 0 0 0 0 0 0 0 0 0 0 0 0 0 0 0 0 0 0 0 0 0 0 0 0 0 0 0 0 0 0 0 0 0 0 0 0 0 0 0 0 0 0 0 0 0 0 0 0 0 0 0 0 0 0 0 0 0 0 0 0 0 0 0 0 0 0 0 0 0 0 0 0 0 0 0 0 0 0 0 0 0 0 0 0 0 0 0 0 0 0 0 0 0 0 0 0 0 0 0 0 0 0 0 0 0 0 0 0 0 0 0 0 0 0 0 0 0 0 0 0 0 0 0 0 0 0 0 0 0 0 0 0 0 0 0 0 0 0 0 0 0 0 0 0 0 0 0 0 0 0 0 0 0 0 0 0 0 0 0 0 0 0 0 0 0 0 0 0 0 0 0 0 0 0 0 0 0 0 0 0 0 0 0 0 0 0 0 0 0 0 0 0 0 0 0 0 0 0 0 0 0 0 0 0 0 0 0 0 0 0 0 0 0 0 0 0 0 0 0 0 0 0 0 0 0 0 0 0 0 0 0 0 0 0 0 0 0 0 0 0 0 0 0 0 0 0 0 0 0 0 0 0 0 0 0 0 0 0 0 0 0 0 0 0 0 0 0 0 0 0 0 0 0 0 0 0 0 0 0 0 0 0 0 0 0 0
ctxt 63509033
btime 1600744687
processes 70210
procs_running 1
procs_blocked 0
softirq 31283096 5 10858891 34991 5818002 361584 0 14795 8671713 0 5523115
