cpu  1624861 3720 65032 272207339 2284 0 11181 0 0 0
cpu0 120462 141 4443 16991479 42 0 5961 0 0 0
cpu1 112962 0 3940 17000439 1368 0 1745 0 0 0
cpu2 109114 0 3936 17005921 106 0 705 0 0 0
cpu3 107661 0 4487 17005659 90 0 621 0 0 0
cpu4 104156 520 4115 17009765 63 0 224 0 0 0
cpu5 101476 279 3816 17013142 58 0 249 0 0 0
cpu6 99207 339 3951 17016016 65 0 54 0 0 0
cpu7 100918 0 4155 17013680 50 0 209 0 0 0
cpu8 97383 0 4175 17017215 81 0 364 0 0 0
cpu9 100096 666 3516 17015216 49 0 246 0 0 0
cpu10 97876 811 4215 17016174 38 0 220 0 0 0
cpu11 95878 0 3895 17019964 26 0 18 0 0 0
cpu12 95998 334 4168 17017755 129 0 195 0 0 0
cpu13 93900 0 3919 17021119 40 0 8 0 0 0
cpu14 93672 625 4022 17021667 37 0 324 0 0 0
cpu15 94097 1 4273 17022120 35 0 32 0 0 0
intr 36927660 33 0 0 0 0 0 0 0 1 1 0 0 0 0 0 0 0 0 50 0 0 0 0 0 0 0 0 0 0 0 0 2 2 2 2 38 364288 1 781622 637723 601165 893337 638082 541726 886542 571134 0 0 0 0 0 0 0 0 0 9 0 0 9 0 0 16 37 2 3 0 12 0 20 16 0 0 0 0 0 0 0 0 0 0 0 0 0 0 0 0 0 0 0 0 0 0 0 0 0 0 0 0 0 0 0 0 0 0 0 119 0 0 0 0 0 0 0 0 0 0 0 0 0 0 0 0 0 0 0 0 0 0 0 0 0 0 0 0 0 0 0 0 0 0 0 0 0 0 0 0 0 0 0 0 0 0 0 0 0 0 0 0 0 0 0 0 0 0 0 0 0 0 0 0 0 0 0 0 0 0 0 0 0 0 0 0 0 0 0 0 0 0 0 0 0 0 0 0 0 0 0 0 0 0 0 0 0 0 0 0 0 0 0 0 0 0 0 0 0 0 0 0 0 0 0 0 0 0 0 0 0 0 0 0 0 0 0 0 0 0 0 0 0 0 0 0 0 0 0 0 0 0 0 0 0 0 0 0 0 0 0 0 0 0 0 0 0 0 0 0 0 0 0 0 0 0 0 0 0 0 0 0 0 0 0 0 0 0 0 0 0 0 0 0 0 0 0 0 0 0 0 0 0 0 0 0 0 0 0 0 0 0 0 0 0 0 0 0 0 0 0 0 0 0 0 0 0 0 0 0 0 0 0 0 0 0 0 0 0 0 0 0 0 0 0 0 0 0 0 0 0 0 0 0 0 0 0 0 0 0 0 0 0 0 0 0 0 0 0 0 0 0 0 0 0 0 0 0 0 0 0 0 0 0 0 0 0 0 0 0 0 0 0 0 0 0 0 0 0 0 0 0 0 0 0 0 0 0 0 0 0 0 0 0 0 0 0 0 0 0 0 0 0 0 0 0 0 0 0 0 0 0 0 0 0 0 0 0 0 0 0 0 0 0 0 0 0 0 0 0 0 0 0 0 0 0 0 0 0 0 0 0 0 0 0 0 0 0 0 0 0 0 0 0 0 0 0 0 0 0 0 0 0 0 0 0 0 0 0 0 0 0 0 0 0 0 0 0 0 0 0 0 0 0 0 0 0 0 0 0 0 0 0 0 0 0 0 0 0 0 0 0 0 0 0 0 0 0 0 0 0 0 0 0 0 0 0 0 0 0 0 0 0 0 0 0 0 0 0 0 0 0 0 0 0 0
ctxt 63217523
btime 1600744687
processes 62971
procs_running 1
procs_blocked 0
softirq 30525598 5 10564420 34937 5621542 359144 0 14259 8543284 0 5388007
