cpu  1802392 3720 67347 272596090 2291 0 12728 0 0 0
cpu0 131896 141 4608 17015407 42 0 6794 0 0 0
cpu1 123977 0 4056 17024839 1373 0 2095 0 0 0
cpu2 120220 0 4066 17030232 107 0 790 0 0 0
cpu3 118621 0 4625 17030078 90 0 698 0 0 0
cpu4 115322 520 4251 17034015 63 0 242 0 0 0
cpu5 112506 279 3966 17037515 58 0 263 0 0 0
cpu6 110357 339 4091 17040277 65 0 58 0 0 0
cpu7 111924 0 4308 17038014 50 0 270 0 0 0
cpu8 108500 0 4321 17041482 81 0 383 0 0 0
cpu9 111285 666 3668 17039417 49 0 262 0 0 0
cpu10 108985 811 4376 17040444 38 0 246 0 0 0
cpu11 106985 0 4060 17044248 26 0 18 0 0 0
cpu12 106927 334 4336 17042185 129 0 210 0 0 0
cpu13 104838 0 4032 17045613 40 0 8 0 0 0
cpu14 104630 625 4140 17046120 37 0 353 0 0 0
cpu15 105414 1 4436 17046195 36 0 32 0 0 0
intr 38052282 33 0 0 0 0 0 0 0 1 1 0 0 0 0 0 0 0 0 50 0 0 0 0 0 0 0 0 0 0 0 0 2 2 2 2 38 367902 1 807099 685111 706037 960185 659040 592901 944558 618405 0 0 0 0 0 0 0 0 0 9 0 0 9 0 0 16 37 2 3 0 12 0 20 16 0 0 0 0 0 0 0 0 0 0 0 0 0 0 0 0 0 0 0 0 0 0 0 0 0 0 0 0 0 0 0 0 0 0 0 119 0 0 0 0 0 0 0 0 0 0 0 0 0 0 0 0 0 0 0 0 0 0 0 0 0 0 0 0 0 0 0 0 0 0 0 0 0 0 0 0 0 0 0 0 0 0 0 0 0 0 0 0 0 0 0 0 0 0 0 0 0 0 0 0 0 0 0 0 0 0 0 0 0 0 0 0 0 0 0 0 0 0 0 0 0 0 0 0 0 0 0 0 0 0 0 0 0 0 0 0 0 0 0 0 0 0 0 0 0 0 0 0 0 0 0 0 0 0 0 0 0 0 0 0 0 0 0 0 0 0 0 0 0 0 0 0 0 0 0 0 0 0 0 0 0 0 0 0 0 0 0 0 0 0 0 0 0 0 0 0 0 0 0 0 0 0 0 0 0 0 0 0 0 0 0 0 0 0 0 0 0 0 0 0 0 0 0 0 0 0 0 0 0 0 0 0 0 0 0 0 0 0 0 0 0 0 0 0 0 0 0 0 0 0 0 0 0 0 0 0 0 0 0 0 0 0 0 0 0 0 0 0 0 0 0 0 0 0 0 0 0 0 0 0 0 0 0 0 0 0 0 0 0 0 0 0 0 0 0 0 0 0 0 0 0 0 0 0 0 0 0 0 0 0 0 0 0 0 0 0 0 0 0 0 0 0 0 0 0 0 0 0 0 0 0 0 0 0 0 0 0 0 0 0 0 0 0 0 0 0 0 0 0 0 0 0 0 0 0 0 0 0 0 0 0 0 0 0 0 0 0 0 0 0 0 0 0 0 0 0 0 0 0 0 0 0 0 0 0 0 0 0 0 0 0 0 0 0 0 0 0 0 0 0 0 0 0 0 0 0 0 0 0 0 0 0 0 0 0 0 0 0 0 0 0 0 0 0 0 0 0 0 0 0 0 0 0 0 0 0 0 0 0 0 0 0 0 0 0 0 0 0 0 0 0 0 0 0 0 0 0 0 0 0 0 0 0 0 0 0 0 0 0 0 0 0 0 0 0 0 0 0 0 0 0 0
ctxt 63709179
btime 1600744687
processes 73404
procs_running 1
procs_blocked 0
softirq 31911591 5 11128200 35009 6043547 362732 0 15237 8735901 0 5590960
