cpu  1572942 3720 63196 270986316 2273 0 9784 0 0 0
cpu0 117111 141 4319 16915296 41 0 5062 0 0 0
cpu1 109716 0 3825 16924132 1362 0 1492 0 0 0
cpu2 106022 0 3826 16929455 105 0 596 0 0 0
cpu3 104668 0 4398 16929077 89 0 571 0 0 0
cpu4 101098 520 4032 16933219 63 0 207 0 0 0
cpu5 98170 279 3686 16936906 57 0 237 0 0 0
cpu6 96005 339 3857 16939618 65 0 52 0 0 0
cpu7 97555 0 4014 16937506 50 0 196 0 0 0
cpu8 93983 0 4041 16941060 80 0 358 0 0 0
cpu9 97023 666 3414 16938733 49 0 234 0 0 0
cpu10 94429 811 4073 16940109 38 0 211 0 0 0
cpu11 92586 0 3800 16943680 26 0 18 0 0 0
cpu12 92772 334 4077 16941414 129 0 190 0 0 0
cpu13 90669 0 3801 16944772 40 0 8 0 0 0
cpu14 90517 625 3885 16945291 37 0 316 0 0 0
cpu15 90611 1 4142 16946040 35 0 32 0 0 0
intr 36378364 33 0 0 0 0 0 0 0 1 1 0 0 0 0 0 0 0 0 50 0 0 0 0 0 0 0 0 0 0 0 0 2 2 2 2 38 361238 1 760399 622785 575816 875509 624604 519826 878883 548211 0 0 0 0 0 0 0 0 0 9 0 0 9 0 0 16 37 2 3 0 12 0 20 16 0 0 0 0 0 0 0 0 0 0 0 0 0 0 0 0 0 0 0 0 0 0 0 0 0 0 0 0 0 0 0 0 0 0 0 119 0 0 0 0 0 0 0 0 0 0 0 0 0 0 0 0 0 0 0 0 0 0 0 0 0 0 0 0 0 0 0 0 0 0 0 0 0 0 0 0 0 0 0 0 0 0 0 0 0 0 0 0 0 0 0 0 0 0 0 0 0 0 0 0 0 0 0 0 0 0 0 0 0 0 0 0 0 0 0 0 0 0 0 0 0 0 0 0 0 0 0 0 0 0 0 0 0 0 0 0 0 0 0 0 0 0 0 0 0 0 0 0 0 0 0 0 0 0 0 0 0 0 0 0 0 0 0 0 0 0 0 0 0 0 0 0 0 0 0 0 0 0 0 0 0 0 0 0 0 0 0 0 0 0 0 0 0 0 0 0 0 0 0 0 0 0 0 0 0 0 0 0 0 0 0 0 0 0 0 0 0 0 0 0 0 0 0 0 0 0 0 0 0 0 0 0 0 0 0 0 0 0 0 0 0 0 0 0 0 0 0 0 0 0 0 0 0 0 0 0 0 0 0 0 0 0 0 0 0 0 0 0 0 0 0 0 0 0 0 0 0 0 0 0 0 0 0 0 0 0 0 0 0 0 0 0 0 0 0 0 0 0 0 0 0 0 0 0 0 0 0 0 0 0 0 0 0 0 0 0 0 0 0 0 0 0 0 0 0 0 0 0 0 0 0 0 0 0 0 0 0 0 0 0 0 0 0 0 0 0 0 0 0 0 0 0 0 0 0 0 0 0 0 0 0 0 0 0 0 0 0 0 0 0 0 0 0 0 0 0 0 0 0 0 0 0 0 0 0 0 0 0 0 0 0 0 0 0 0 0 0 0 0 0 0 0 0 0 0 0 0 0 0 0 0 0 0 0 0 0 0 0 0 0 0 0 0 0 0 0 0 0 0 0 0 0 0 0 0 0 0 0 0 0 0 0 0 0 0 0 0 0 0 0 0 0 0 0 0 0 0 0 0 0 0 0 0 0 0 0 0 0 0 0 0 0 0 0 0 0 0 0 0 0 0 0
ctxt 62782731
btime 1600744687
processes 53156
procs_running 1
procs_blocked 0
softirq 29716839 5 10285886 34779 5476244 356155 0 13956 8331672 0 5218142
