cpu  1759818 3720 66976 272575374 2291 0 12501 0 0 0
cpu0 129200 141 4580 17014151 42 0 6678 0 0 0
cpu1 121314 0 4037 17023539 1373 0 2055 0 0 0
cpu2 117494 0 4038 17029005 107 0 778 0 0 0
cpu3 116018 0 4608 17028734 90 0 679 0 0 0
cpu4 112633 520 4227 17032745 63 0 241 0 0 0
cpu5 109874 279 3936 17036194 58 0 263 0 0 0
cpu6 107665 339 4067 17039009 65 0 58 0 0 0
cpu7 109255 0 4278 17036747 50 0 257 0 0 0
cpu8 105879 0 4306 17040140 81 0 378 0 0 0
cpu9 108609 666 3646 17038130 49 0 262 0 0 0
cpu10 106316 811 4349 17039162 38 0 239 0 0 0
cpu11 104340 0 4038 17042935 26 0 18 0 0 0
cpu12 104272 334 4311 17040882 129 0 210 0 0 0
cpu13 102198 0 4017 17044288 40 0 8 0 0 0
cpu14 102005 625 4116 17044796 37 0 340 0 0 0
cpu15 102739 1 4416 17044909 36 0 32 0 0 0
intr 37809617 33 0 0 0 0 0 0 0 1 1 0 0 0 0 0 0 0 0 50 0 0 0 0 0 0 0 0 0 0 0 0 2 2 2 2 38 367150 1 806973 685003 681022 936003 658926 586254 920338 599634 0 0 0 0 0 0 0 0 0 9 0 0 9 0 0 16 37 2 3 0 12 0 20 16 0 0 0 0 0 0 0 0 0 0 0 0 0 0 0 0 0 0 0 0 0 0 0 0 0 0 0 0 0 0 0 0 0 0 0 119 0 0 0 0 0 0 0 0 0 0 0 0 0 0 0 0 0 0 0 0 0 0 0 0 0 0 0 0 0 0 0 0 0 0 0 0 0 0 0 0 0 0 0 0 0 0 0 0 0 0 0 0 0 0 0 0 0 0 0 0 0 0 0 0 0 0 0 0 0 0 0 0 0 0 0 0 0 0 0 0 0 0 0 0 0 0 0 0 0 0 0 0 0 0 0 0 0 0 0 0 0 0 0 0 0 0 0 0 0 0 0 0 0 0 0 0 0 0 0 0 0 0 0 0 0 0 0 0 0 0 0 0 0 0 0 0 0 0 0 0 0 0 0 0 0 0 0 0 0 0 0 0 0 0 0 0 0 0 0 0 0 0 0 0 0 0 0 0 0 0 0 0 0 0 0 0 0 0 0 0 0 0 0 0 0 0 0 0 0 0 0 0 0 0 0 0 0 0 0 0 0 0 0 0 0 0 0 0 0 0 0 0 0 0 0 0 0 0 0 0 0 0 0 0 0 0 0 0 0 0 0 0 0 0 0 0 0 0 0 0 0 0 0 0 0 0 0 0 0 0 0 0 0 0 0 0 0 0 0 0 0 0 0 0 0 0 0 0 0 0 0 0 0 0 0 0 0 0 0 0 0 0 0 0 0 0 0 0 0 0 0 0 0 0 0 0 0 0 0 0 0 0 0 0 0 0 0 0 0 0 0 0 0 0 0 0 0 0 0 0 0 0 0 0 0 0 0 0 0 0 0 0 0 0 0 0 0 0 0 0 0 0 0 0 0 0 0 0 0 0 0 0 0 0 0 0 0 0 0 0 0 0 0 0 0 0 0 0 0 0 0 0 0 0 0 0 0 0 0 0 0 0 0 0 0 0 0 0 0 0 0 0 0 0 0 0 0 0 0 0 0 0 0 0 0 0 0 0 0 0 0 0 0 0 0 0 0 0 0 0 0 0 0 0 0 0 0 0 0 0 0 0 0 0 0 0 0 0 0 0 0 0 0 0 0 0
ctxt 63623039
btime 1600744687
processes 72059
procs_running 1
procs_blocked 0
softirq 31638231 5 11010063 35001 5944364 361985 0 15026 8708315 0 5563472
