cpu  1615839 3720 64819 272189951 2283 0 11000 0 0 0
cpu0 119892 141 4433 16990395 42 0 5849 0 0 0
cpu1 112426 0 3932 16999319 1367 0 1702 0 0 0
cpu2 108547 0 3920 17004841 106 0 698 0 0 0
cpu3 107142 0 4479 17004524 90 0 617 0 0 0
cpu4 103616 520 4104 17008646 63 0 224 0 0 0
cpu5 100855 279 3792 17012128 58 0 246 0 0 0
cpu6 98655 339 3938 17014920 65 0 54 0 0 0
cpu7 100364 0 4142 17012585 50 0 204 0 0 0
cpu8 96787 0 4156 17016163 81 0 364 0 0 0
cpu9 99552 666 3508 17014103 49 0 246 0 0 0
cpu10 97247 811 4191 17015161 38 0 220 0 0 0
cpu11 95318 0 3878 17018876 26 0 18 0 0 0
cpu12 95457 334 4160 17016637 129 0 194 0 0 0
cpu13 93374 0 3914 17019987 40 0 8 0 0 0
cpu14 93136 625 4013 17020551 37 0 321 0 0 0
cpu15 93466 1 4254 17021105 35 0 32 0 0 0
intr 36858137 33 0 0 0 0 0 0 0 1 1 0 0 0 0 0 0 0 0 50 0 0 0 0 0 0 0 0 0 0 0 0 2 2 2 2 38 364272 1 774058 637641 595814 891746 636529 541525 884825 567281 0 0 0 0 0 0 0 0 0 9 0 0 9 0 0 16 37 2 3 0 12 0 20 16 0 0 0 0 0 0 0 0 0 0 0 0 0 0 0 0 0 0 0 0 0 0 0 0 0 0 0 0 0 0 0 0 0 0 0 119 0 0 0 0 0 0 0 0 0 0 0 0 0 0 0 0 0 0 0 0 0 0 0 0 0 0 0 0 0 0 0 0 0 0 0 0 0 0 0 0 0 0 0 0 0 0 0 0 0 0 0 0 0 0 0 0 0 0 0 0 0 0 0 0 0 0 0 0 0 0 0 0 0 0 0 0 0 0 0 0 0 0 0 0 0 0 0 0 0 0 0 0 0 0 0 0 0 0 0 0 0 0 0 0 0 0 0 0 0 0 0 0 0 0 0 0 0 0 0 0 0 0 0 0 0 0 0 0 0 0 0 0 0 0 0 0 0 0 0 0 0 0 0 0 0 0 0 0 0 0 0 0 0 0 0 0 0 0 0 0 0 0 0 0 0 0 0 0 0 0 0 0 0 0 0 0 0 0 0 0 0 0 0 0 0 0 0 0 0 0 0 0 0 0 0 0 0 0 0 0 0 0 0 0 0 0 0 0 0 0 0 0 0 0 0 0 0 0 0 0 0 0 0 0 0 0 0 0 0 0 0 0 0 0 0 0 0 0 0 0 0 0 0 0 0 0 0 0 0 0 0 0 0 0 0 0 0 0 0 0 0 0 0 0 0 0 0 0 0 0 0 0 0 0 0 0 0 0 0 0 0 0 0 0 0 0 0 0 0 0 0 0 0 0 0 0 0 0 0 0 0 0 0 0 0 0 0 0 0 0 0 0 0 0 0 0 0 0 0 0 0 0 0 0 0 0 0 0 0 0 0 0 0 0 0 0 0 0 0 0 0 0 0 0 0 0 0 0 0 0 0 0 0 0 0 0 0 0 0 0 0 0 0 0 0 0 0 0 0 0 0 0 0 0 0 0 0 0 0 0 0 0 0 0 0 0 0 0 0 0 0 0 0 0 0 0 0 0 0 0 0 0 0 0 0 0 0 0 0 0 0 0 0 0 0 0 0 0 0 0 0 0 0 0 0 0 0 0 0 0 0 0 0 0 0 0 0 0 0 0 0 0 0 0 0 0
ctxt 63181341
btime 1600744687
processes 61791
procs_running 1
procs_blocked 0
softirq 30424523 5 10527060 34934 5599630 359128 0 14219 8523135 0 5366412
