cpu  1738389 3720 66782 272562244 2291 0 12378 0 0 0
cpu0 127888 141 4572 17013300 42 0 6592 0 0 0
cpu1 119968 0 4024 17022728 1373 0 2039 0 0 0
cpu2 116106 0 4023 17028235 107 0 778 0 0 0
cpu3 114702 0 4597 17027888 90 0 672 0 0 0
cpu4 111278 520 4217 17031938 63 0 240 0 0 0
cpu5 108566 279 3922 17035343 58 0 263 0 0 0
cpu6 106344 339 4058 17038167 65 0 58 0 0 0
cpu7 107942 0 4268 17035910 50 0 250 0 0 0
cpu8 104552 0 4299 17039300 81 0 378 0 0 0
cpu9 107218 666 3624 17037367 49 0 262 0 0 0
cpu10 105004 811 4335 17038319 38 0 233 0 0 0
cpu11 102986 0 4023 17042130 26 0 18 0 0 0
cpu12 102926 334 4297 17040069 129 0 209 0 0 0
cpu13 100841 0 4005 17043482 40 0 8 0 0 0
cpu14 100683 625 4110 17043954 37 0 340 0 0 0
cpu15 101382 1 4402 17044105 36 0 32 0 0 0
intr 37684110 33 0 0 0 0 0 0 0 1 1 0 0 0 0 0 0 0 0 50 0 0 0 0 0 0 0 0 0 0 0 0 2 2 2 2 38 367136 1 806874 684954 656107 917201 658895 579739 920045 599599 0 0 0 0 0 0 0 0 0 9 0 0 9 0 0 16 37 2 3 0 12 0 20 16 0 0 0 0 0 0 0 0 0 0 0 0 0 0 0 0 0 0 0 0 0 0 0 0 0 0 0 0 0 0 0 0 0 0 0 119 0 0 0 0 0 0 0 0 0 0 0 0 0 0 0 0 0 0 0 0 0 0 0 0 0 0 0 0 0 0 0 0 0 0 0 0 0 0 0 0 0 0 0 0 0 0 0 0 0 0 0 0 0 0 0 0 0 0 0 0 0 0 0 0 0 0 0 0 0 0 0 0 0 0 0 0 0 0 0 0 0 0 0 0 0 0 0 0 0 0 0 0 0 0 0 0 0 0 0 0 0 0 0 0 0 0 0 0 0 0 0 0 0 0 0 0 0 0 0 0 0 0 0 0 0 0 0 0 0 0 0 0 0 0 0 0 0 0 0 0 0 0 0 0 0 0 0 0 0 0 0 0 0 0 0 0 0 0 0 0 0 0 0 0 0 0 0 0 0 0 0 0 0 0 0 0 0 0 0 0 0 0 0 0 0 0 0 0 0 0 0 0 0 0 0 0 0 0 0 0 0 0 0 0 0 0 0 0 0 0 0 0 0 0 0 0 0 0 0 0 0 0 0 0 0 0 0 0 0 0 0 0 0 0 0 0 0 0 0 0 0 0 0 0 0 0 0 0 0 0 0 0 0 0 0 0 0 0 0 0 0 0 0 0 0 0 0 0 0 0 0 0 0 0 0 0 0 0 0 0 0 0 0 0 0 0 0 0 0 0 0 0 0 0 0 0 0 0 0 0 0 0 0 0 0 0 0 0 0 0 0 0 0 0 0 0 0 0 0 0 0 0 0 0 0 0 0 0 0 0 0 0 0 0 0 0 0 0 0 0 0 0 0 0 0 0 0 0 0 0 0 0 0 0 0 0 0 0 0 0 0 0 0 0 0 0 0 0 0 0 0 0 0 0 0 0 0 0 0 0 0 0 0 0 0 0 0 0 0 0 0 0 0 0 0 0 0 0 0 0 0 0 0 0 0 0 0 0 0 0 0 0 0 0 0 0 0 0 0 0 0 0 0 0 0 0 0 0 0 0 0 0 0 0 0 0 0 0 0 0 0 0 0 0 0 0
ctxt 63576623
btime 1600744687
processes 71218
procs_running 1
procs_blocked 0
softirq 31491711 5 10947822 34997 5893625 361971 0 14911 8691714 0 5546666
