cpu  1717197 3720 66630 272554902 2290 0 12297 0 0 0
cpu0 126572 141 4567 17012826 42 0 6554 0 0 0
cpu1 118650 0 4018 17022256 1373 0 2028 0 0 0
cpu2 114755 0 4010 17027804 107 0 777 0 0 0
cpu3 113363 0 4588 17027446 90 0 670 0 0 0
cpu4 109935 520 4204 17031497 63 0 239 0 0 0
cpu5 107256 279 3914 17034866 58 0 262 0 0 0
cpu6 105024 339 4051 17037700 65 0 58 0 0 0
cpu7 106665 0 4254 17035430 50 0 225 0 0 0
cpu8 103203 0 4287 17038868 81 0 376 0 0 0
cpu9 105908 666 3615 17036889 49 0 262 0 0 0
cpu10 103690 811 4327 17037846 38 0 233 0 0 0
cpu11 101669 0 4016 17041660 26 0 18 0 0 0
cpu12 101585 334 4284 17039632 129 0 209 0 0 0
cpu13 99527 0 3994 17043015 40 0 8 0 0 0
cpu14 99326 625 4101 17043526 37 0 340 0 0 0
cpu15 100064 1 4396 17043634 36 0 32 0 0 0
intr 37565885 33 0 0 0 0 0 0 0 1 1 0 0 0 0 0 0 0 0 50 0 0 0 0 0 0 0 0 0 0 0 0 2 2 2 2 38 366752 1 806820 684908 625463 917155 658853 579602 919940 580782 0 0 0 0 0 0 0 0 0 9 0 0 9 0 0 16 37 2 3 0 12 0 20 16 0 0 0 0 0 0 0 0 0 0 0 0 0 0 0 0 0 0 0 0 0 0 0 0 0 0 0 0 0 0 0 0 0 0 0 119 0 0 0 0 0 0 0 0 0 0 0 0 0 0 0 0 0 0 0 0 0 0 0 0 0 0 0 0 0 0 0 0 0 0 0 0 0 0 0 0 0 0 0 0 0 0 0 0 0 0 0 0 0 0 0 0 0 0 0 0 0 0 0 0 0 0 0 0 0 0 0 0 0 0 0 0 0 0 0 0 0 0 0 0 0 0 0 0 0 0 0 0 0 0 0 0 0 0 0 0 0 0 0 0 0 0 0 0 0 0 0 0 0 0 0 0 0 0 0 0 0 0 0 0 0 0 0 0 0 0 0 0 0 0 0 0 0 0 0 0 0 0 0 0 0 0 0 0 0 0 0 0 0 0 0 0 0 0 0 0 0 0 0 0 0 0 0 0 0 0 0 0 0 0 0 0 0 0 0 0 0 0 0 0 0 0 0 0 0 0 0 0 0 0 0 0 0 0 0 0 0 0 0 0 0 0 0 0 0 0 0 0 0 0 0 0 0 0 0 0 0 0 0 0 0 0 0 0 0 0 0 0 0 0 0 0 0 0 0 0 0 0 0 0 0 0 0 0 0 0 0 0 0 0 0 0 0 0 0 0 0 0 0 0 0 0 0 0 0 0 0 0 0 0 0 0 0 0 0 0 0 0 0 0 0 0 0 0 0 0 0 0 0 0 0 0 0 0 0 0 0 0 0 0 0 0 0 0 0 0 0 0 0 0 0 0 0 0 0 0 0 0 0 0 0 0 0 0 0 0 0 0 0 0 0 0 0 0 0 0 0 0 0 0 0 0 0 0 0 0 0 0 0 0 0 0 0 0 0 0 0 0 0 0 0 0 0 0 0 0 0 0 0 0 0 0 0 0 0 0 0 0 0 0 0 0 0 0 0 0 0 0 0 0 0 0 0 0 0 0 0 0 0 0 0 0 0 0 0 0 0 0 0 0 0 0 0 0 0 0 0 0 0 0 0 0 0 0 0 0 0 0 0 0 0 0 0 0 0 0 0 0 0 0 0 0
ctxt 63534390
btime 1600744687
processes 70714
procs_running 1
procs_blocked 0
softirq 31361010 5 10891480 34993 5843734 361588 0 14829 8681029 0 5533352
