cpu  1802290 3720 67320 272593240 2291 0 12701 0 0 0
cpu0 131896 141 4608 17015223 42 0 6767 0 0 0
cpu1 123977 0 4054 17024654 1373 0 2094 0 0 0
cpu2 120214 0 4064 17030053 107 0 790 0 0 0
cpu3 118617 0 4623 17029898 90 0 698 0 0 0
cpu4 115321 520 4251 17033830 63 0 242 0 0 0
cpu5 112505 279 3966 17037330 58 0 263 0 0 0
cpu6 110322 339 4088 17040129 65 0 58 0 0 0
cpu7 111919 0 4307 17037835 50 0 270 0 0 0
cpu8 108499 0 4320 17041297 81 0 383 0 0 0
cpu9 111280 666 3666 17039238 49 0 262 0 0 0
cpu10 108983 811 4374 17040261 38 0 246 0 0 0
cpu11 106984 0 4059 17044065 26 0 18 0 0 0
cpu12 106927 334 4335 17042001 129 0 210 0 0 0
cpu13 104834 0 4031 17045432 40 0 8 0 0 0
cpu14 104626 625 4138 17045939 37 0 353 0 0 0
cpu15 105381 1 4430 17046048 36 0 32 0 0 0
intr 38048825 33 0 0 0 0 0 0 0 1 1 0 0 0 0 0 0 0 0 50 0 0 0 0 0 0 0 0 0 0 0 0 2 2 2 2 38 367902 1 807099 685111 706006 960185 659036 592882 944509 618405 0 0 0 0 0 0 0 0 0 9 0 0 9 0 0 16 37 2 3 0 12 0 20 16 0 0 0 0 0 0 0 0 0 0 0 0 0 0 0 0 0 0 0 0 0 0 0 0 0 0 0 0 0 0 0 0 0 0 0 119 0 0 0 0 0 0 0 0 0 0 0 0 0 0 0 0 0 0 0 0 0 0 0 0 0 0 0 0 0 0 0 0 0 0 0 0 0 0 0 0 0 0 0 0 0 0 0 0 0 0 0 0 0 0 0 0 0 0 0 0 0 0 0 0 0 0 0 0 0 0 0 0 0 0 0 0 0 0 0 0 0 0 0 0 0 0 0 0 0 0 0 0 0 0 0 0 0 0 0 0 0 0 0 0 0 0 0 0 0 0 0 0 0 0 0 0 0 0 0 0 0 0 0 0 0 0 0 0 0 0 0 0 0 0 0 0 0 0 0 0 0 0 0 0 0 0 0 0 0 0 0 0 0 0 0 0 0 0 0 0 0 0 0 0 0 0 0 0 0 0 0 0 0 0 0 0 0 0 0 0 0 0 0 0 0 0 0 0 0 0 0 0 0 0 0 0 0 0 0 0 0 0 0 0 0 0 0 0 0 0 0 0 0 0 0 0 0 0 0 0 0 0 0 0 0 0 0 0 0 0 0 0 0 0 0 0 0 0 0 0 0 0 0 0 0 0 0 0 0 0 0 0 0 0 0 0 0 0 0 0 0 0 0 0 0 0 0 0 0 0 0 0 0 0 0 0 0 0 0 0 0 0 0 0 0 0 0 0 0 0 0 0 0 0 0 0 0 0 0 0 0 0 0 0 0 0 0 0 0 0 0 0 0 0 0 0 0 0 0 0 0 0 0 0 0 0 0 0 0 0 0 0 0 0 0 0 0 0 0 0 0 0 0 0 0 0 0 0 0 0 0 0 0 0 0 0 0 0 0 0 0 0 0 0 0 0 0 0 0 0 0 0 0 0 0 0 0 0 0 0 0 0 0 0 0 0 0 0 0 0 0 0 0 0 0 0 0 0 0 0 0 0 0 0 0 0 0 0 0 0 0 0 0 0 0 0 0 0 0 0 0 0 0 0 0 0 0 0 0 0 0 0 0 0 0 0 0 0 0 0 0 0 0 0 0 0
ctxt 63706519
btime 1600744687
processes 73236
procs_running 1
procs_blocked 0
softirq 31903804 5 11125749 35008 6043444 362732 0 15234 8733312 0 5588320
