cpu  1638273 3720 65334 272314202 2286 0 11392 0 0 0
cpu0 121366 141 4467 16998085 42 0 6056 0 0 0
cpu1 113795 0 3956 17007123 1370 0 1792 0 0 0
cpu2 109941 0 3950 17012619 106 0 724 0 0 0
cpu3 108502 0 4506 17012337 90 0 640 0 0 0
cpu4 104955 520 4125 17016494 63 0 230 0 0 0
cpu5 102348 279 3838 17019788 58 0 249 0 0 0
cpu6 100096 339 3978 17022638 65 0 54 0 0 0
cpu7 101724 0 4174 17020393 50 0 213 0 0 0
cpu8 98241 0 4200 17023863 81 0 370 0 0 0
cpu9 100997 666 3544 17021816 49 0 252 0 0 0
cpu10 98704 811 4231 17022866 38 0 223 0 0 0
cpu11 96711 0 3923 17026638 26 0 18 0 0 0
cpu12 96794 334 4176 17024482 129 0 196 0 0 0
cpu13 94704 0 3930 17027845 40 0 8 0 0 0
cpu14 94453 625 4038 17028404 37 0 328 0 0 0
cpu15 94936 1 4290 17028805 35 0 32 0 0 0
intr 37032647 33 0 0 0 0 0 0 0 1 1 0 0 0 0 0 0 0 0 50 0 0 0 0 0 0 0 0 0 0 0 0 2 2 2 2 38 364843 1 781807 652899 604315 893430 638192 549539 889812 574472 0 0 0 0 0 0 0 0 0 9 0 0 9 0 0 16 37 2 3 0 12 0 20 16 0 0 0 0 0 0 0 0 0 0 0 0 0 0 0 0 0 0 0 0 0 0 0 0 0 0 0 0 0 0 0 0 0 0 0 119 0 0 0 0 0 0 0 0 0 0 0 0 0 0 0 0 0 0 0 0 0 0 0 0 0 0 0 0 0 0 0 0 0 0 0 0 0 0 0 0 0 0 0 0 0 0 0 0 0 0 0 0 0 0 0 0 0 0 0 0 0 0 0 0 0 0 0 0 0 0 0 0 0 0 0 0 0 0 0 0 0 0 0 0 0 0 0 0 0 0 0 0 0 0 0 0 0 0 0 0 0 0 0 0 0 0 0 0 0 0 0 0 0 0 0 0 0 0 0 0 0 0 0 0 0 0 0 0 0 0 0 0 0 0 0 0 0 0 0 0 0 0 0 0 0 0 0 0 0 0 0 0 0 0 0 0 0 0 0 0 0 0 0 0 0 0 0 0 0 0 0 0 0 0 0 0 0 0 0 0 0 0 0 0 0 0 0 0 0 0 0 0 0 0 0 0 0 0 0 0 0 0 0 0 0 0 0 0 0 0 0 0 0 0 0 0 0 0 0 0 0 0 0 0 0 0 0 0 0 0 0 0 0 0 0 0 0 0 0 0 0 0 0 0 0 0 0 0 0 0 0 0 0 0 0 0 0 0 0 0 0 0 0 0 0 0 0 0 0 0 0 0 0 0 0 0 0 0 0 0 0 0 0 0 0 0 0 0 0 0 0 0 0 0 0 0 0 0 0 0 0 0 0 0 0 0 0 0 0 0 0 0 0 0 0 0 0 0 0 0 0 0 0 0 0 0 0 0 0 0 0 0 0 0 0 0 0 0 0 0 0 0 0 0 0 0 0 0 0 0 0 0 0 0 0 0 0 0 0 0 0 0 0 0 0 0 0 0 0 0 0 0 0 0 0 0 0 0 0 0 0 0 0 0 0 0 0 0 0 0 0 0 0 0 0 0 0 0 0 0 0 0 0 0 0 0 0 0 0 0 0 0 0 0 0 0 0 0 0 0 0 0 0 0 0 0 0 0 0 0 0 0 0 0 0 0 0 0 0 0 0 0 0 0 0 0
ctxt 63279057
btime 1600744687
processes 64484
procs_running 1
procs_blocked 0
softirq 30669981 5 10619000 34952 5654677 359691 0 14362 8571218 0 5416076
