cpu  1622579 3720 64972 272202304 2283 0 11138 0 0 0
cpu0 120325 141 4439 16991159 42 0 5939 0 0 0
cpu1 112825 0 3936 17000118 1367 0 1734 0 0 0
cpu2 108980 0 3932 17005597 106 0 701 0 0 0
cpu3 107530 0 4485 17005331 90 0 621 0 0 0
cpu4 104015 520 4111 17009444 63 0 224 0 0 0
cpu5 101336 279 3812 17012826 58 0 248 0 0 0
cpu6 99064 339 3948 17015702 65 0 54 0 0 0
cpu7 100788 0 4153 17013352 50 0 209 0 0 0
cpu8 97216 0 4166 17016928 81 0 364 0 0 0
cpu9 99966 666 3515 17014887 49 0 246 0 0 0
cpu10 97738 811 4213 17015852 38 0 220 0 0 0
cpu11 95746 0 3893 17019639 26 0 18 0 0 0
cpu12 95868 334 4167 17017424 129 0 194 0 0 0
cpu13 93769 0 3917 17020792 40 0 8 0 0 0
cpu14 93546 625 4020 17021337 37 0 321 0 0 0
cpu15 93862 1 4259 17021909 35 0 32 0 0 0
intr 36909461 33 0 0 0 0 0 0 0 1 1 0 0 0 0 0 0 0 0 50 0 0 0 0 0 0 0 0 0 0 0 0 2 2 2 2 38 364284 1 777824 637685 601107 893334 638078 541699 885011 571079 0 0 0 0 0 0 0 0 0 9 0 0 9 0 0 16 37 2 3 0 12 0 20 16 0 0 0 0 0 0 0 0 0 0 0 0 0 0 0 0 0 0 0 0 0 0 0 0 0 0 0 0 0 0 0 0 0 0 0 119 0 0 0 0 0 0 0 0 0 0 0 0 0 0 0 0 0 0 0 0 0 0 0 0 0 0 0 0 0 0 0 0 0 0 0 0 0 0 0 0 0 0 0 0 0 0 0 0 0 0 0 0 0 0 0 0 0 0 0 0 0 0 0 0 0 0 0 0 0 0 0 0 0 0 0 0 0 0 0 0 0 0 0 0 0 0 0 0 0 0 0 0 0 0 0 0 0 0 0 0 0 0 0 0 0 0 0 0 0 0 0 0 0 0 0 0 0 0 0 0 0 0 0 0 0 0 0 0 0 0 0 0 0 0 0 0 0 0 0 0 0 0 0 0 0 0 0 0 0 0 0 0 0 0 0 0 0 0 0 0 0 0 0 0 0 0 0 0 0 0 0 0 0 0 0 0 0 0 0 0 0 0 0 0 0 0 0 0 0 0 0 0 0 0 0 0 0 0 0 0 0 0 0 0 0 0 0 0 0 0 0 0 0 0 0 0 0 0 0 0 0 0 0 0 0 0 0 0 0 0 0 0 0 0 0 0 0 0 0 0 0 0 0 0 0 0 0 0 0 0 0 0 0 0 0 0 0 0 0 0 0 0 0 0 0 0 0 0 0 0 0 0 0 0 0 0 0 0 0 0 0 0 0 0 0 0 0 0 0 0 0 0 0 0 0 0 0 0 0 0 0 0 0 0 0 0 0 0 0 0 0 0 0 0 0 0 0 0 0 0 0 0 0 0 0 0 0 0 0 0 0 0 0 0 0 0 0 0 0 0 0 0 0 0 0 0 0 0 0 0 0 0 0 0 0 0 0 0 0 0 0 0 0 0 0 0 0 0 0 0 0 0 0 0 0 0 0 0 0 0 0 0 0 0 0 0 0 0 0 0 0 0 0 0 0 0 0 0 0 0 0 0 0 0 0 0 0 0 0 0 0 0 0 0 0 0 0 0 0 0 0 0 0 0 0 0 0 0 0 0 0 0 0 0 0 0 0 0 0 0 0 0 0 0 0 0
ctxt 63208139
btime 1600744687
processes 62634
procs_running 1
procs_blocked 0
softirq 30498753 5 10554724 34936 5616028 359140 0 14251 8537645 0 5382024
