cpu  1596946 3720 64095 271210498 2278 0 10538 0 0 0
cpu0 118661 141 4374 16929248 42 0 5545 0 0 0
cpu1 111215 0 3882 16938138 1364 0 1638 0 0 0
cpu2 107353 0 3877 16943641 106 0 660 0 0 0
cpu3 106011 0 4457 16943239 90 0 596 0 0 0
cpu4 102480 520 4078 16947358 63 0 216 0 0 0
cpu5 99736 279 3751 16950843 57 0 244 0 0 0
cpu6 97528 339 3901 16953632 65 0 52 0 0 0
cpu7 99089 0 4086 16951467 50 0 202 0 0 0
cpu8 95480 0 4102 16955079 80 0 362 0 0 0
cpu9 98394 666 3458 16952874 49 0 236 0 0 0
cpu10 96027 811 4125 16954019 38 0 214 0 0 0
cpu11 94171 0 3840 16957615 26 0 18 0 0 0
cpu12 94306 334 4126 16955383 129 0 192 0 0 0
cpu13 92246 0 3875 16958706 40 0 8 0 0 0
cpu14 91949 625 3944 16959376 37 0 318 0 0 0
cpu15 92293 1 4211 16959871 35 0 32 0 0 0
intr 36636752 33 0 0 0 0 0 0 0 1 1 0 0 0 0 0 0 0 0 50 0 0 0 0 0 0 0 0 0 0 0 0 2 2 2 2 38 362896 1 771824 632562 595065 887432 628446 535472 880903 550358 0 0 0 0 0 0 0 0 0 9 0 0 9 0 0 16 37 2 3 0 12 0 20 16 0 0 0 0 0 0 0 0 0 0 0 0 0 0 0 0 0 0 0 0 0 0 0 0 0 0 0 0 0 0 0 0 0 0 0 119 0 0 0 0 0 0 0 0 0 0 0 0 0 0 0 0 0 0 0 0 0 0 0 0 0 0 0 0 0 0 0 0 0 0 0 0 0 0 0 0 0 0 0 0 0 0 0 0 0 0 0 0 0 0 0 0 0 0 0 0 0 0 0 0 0 0 0 0 0 0 0 0 0 0 0 0 0 0 0 0 0 0 0 0 0 0 0 0 0 0 0 0 0 0 0 0 0 0 0 0 0 0 0 0 0 0 0 0 0 0 0 0 0 0 0 0 0 0 0 0 0 0 0 0 0 0 0 0 0 0 0 0 0 0 0 0 0 0 0 0 0 0 0 0 0 0 0 0 0 0 0 0 0 0 0 0 0 0 0 0 0 0 0 0 0 0 0 0 0 0 0 0 0 0 0 0 0 0 0 0 0 0 0 0 0 0 0 0 0 0 0 0 0 0 0 0 0 0 0 0 0 0 0 0 0 0 0 0 0 0 0 0 0 0 0 0 0 0 0 0 0 0 0 0 0 0 0 0 0 0 0 0 0 0 0 0 0 0 0 0 0 0 0 0 0 0 0 0 0 0 0 0 0 0 0 0 0 0 0 0 0 0 0 0 0 0 0 0 0 0 0 0 0 0 0 0 0 0 0 0 0 0 0 0 0 0 0 0 0 0 0 0 0 0 0 0 0 0 0 0 0 0 0 0 0 0 0 0 0 0 0 0 0 0 0 0 0 0 0 0 0 0 0 0 0 0 0 0 0 0 0 0 0 0 0 0 0 0 0 0 0 0 0 0 0 0 0 0 0 0 0 0 0 0 0 0 0 0 0 0 0 0 0 0 0 0 0 0 0 0 0 0 0 0 0 0 0 0 0 0 0 0 0 0 0 0 0 0 0 0 0 0 0 0 0 0 0 0 0 0 0 0 0 0 0 0 0 0 0 0 0 0 0 0 0 0 0 0 0 0 0 0 0 0 0 0 0 0 0 0 0 0 0 0 0 0 0 0 0 0 0 0 0 0 0 0
ctxt 62972920
btime 1600744687
processes 58041
procs_running 1
procs_blocked 0
softirq 30130401 5 10421673 34810 5552273 357779 0 14082 8449966 0 5299813
